0.000 0.000
0.002 0.001
0.004 0.001
0.006 0.002
0.008 0.003
0.010 0.004
0.012 0.006
0.014 0.007
0.016 0.009
0.018 0.011
0.020 0.013
0.022 0.016
0.024 0.018
0.026 0.020
0.028 0.023
0.030 0.025
0.032 0.028
0.034 0.031
0.036 0.033
0.038 0.036
0.040 0.039
0.042 0.042
0.044 0.045
0.046 0.049
0.048 0.052
0.050 0.055
0.052 0.059
0.054 0.063
0.056 0.067
0.058 0.071
0.060 0.075
0.062 0.079
0.064 0.083
0.066 0.088
0.068 0.092
0.070 0.097
0.072 0.102
0.074 0.106
0.076 0.111
0.078 0.116
0.080 0.121
0.082 0.126
0.084 0.131
0.086 0.135
0.088 0.140
0.090 0.145
0.092 0.150
0.094 0.155
0.096 0.160
0.098 0.165
0.100 0.170
0.102 0.174
0.104 0.179
0.106 0.184
0.108 0.189
0.110 0.194
0.112 0.198
0.114 0.203
0.116 0.208
0.118 0.213
0.120 0.217
0.122 0.222
0.124 0.227
0.126 0.232
0.128 0.236
0.130 0.241
0.132 0.246
0.134 0.250
0.136 0.255
0.138 0.260
0.140 0.265
0.142 0.269
0.144 0.274
0.146 0.279
0.148 0.283
0.150 0.288
0.152 0.292
0.154 0.297
0.156 0.302
0.158 0.306
0.160 0.311
0.162 0.315
0.164 0.320
0.166 0.324
0.168 0.329
0.170 0.333
0.172 0.338
0.174 0.342
0.176 0.347
0.178 0.351
0.180 0.355
0.182 0.360
0.184 0.364
0.186 0.369
0.188 0.373
0.190 0.377
0.192 0.381
0.194 0.386
0.196 0.390
0.198 0.394
0.200 0.398
0.202 0.403
0.204 0.407
0.206 0.411
0.208 0.415
0.210 0.419
0.212 0.424
0.214 0.428
0.216 0.432
0.218 0.436
0.220 0.440
0.222 0.444
0.224 0.448
0.226 0.452
0.228 0.456
0.230 0.460
0.232 0.464
0.234 0.468
0.236 0.472
0.238 0.475
0.240 0.479
0.242 0.483
0.244 0.487
0.246 0.491
0.248 0.494
0.250 0.498
0.252 0.502
0.254 0.505
0.256 0.509
0.258 0.513
0.260 0.516
0.262 0.520
0.264 0.523
0.266 0.527
0.268 0.531
0.270 0.534
0.272 0.537
0.274 0.541
0.276 0.544
0.278 0.548
0.280 0.551
0.282 0.554
0.284 0.558
0.286 0.561
0.288 0.564
0.290 0.568
0.292 0.571
0.294 0.574
0.296 0.577
0.298 0.581
0.300 0.584
0.302 0.587
0.304 0.590
0.306 0.593
0.308 0.597
0.310 0.600
0.312 0.603
0.314 0.606
0.316 0.610
0.318 0.613
0.320 0.616
0.322 0.619
0.324 0.622
0.326 0.626
0.328 0.629
0.330 0.632
0.332 0.635
0.334 0.638
0.336 0.641
0.338 0.645
0.340 0.648
0.342 0.651
0.344 0.654
0.346 0.657
0.348 0.660
0.350 0.664
0.352 0.667
0.354 0.670
0.356 0.673
0.358 0.676
0.360 0.679
0.362 0.682
0.364 0.686
0.366 0.689
0.368 0.692
0.370 0.695
0.372 0.698
0.374 0.701
0.376 0.703
0.378 0.706
0.380 0.709
0.382 0.712
0.384 0.715
0.386 0.717
0.388 0.720
0.390 0.723
0.392 0.725
0.394 0.728
0.396 0.730
0.398 0.733
0.400 0.735
0.402 0.738
0.404 0.740
0.406 0.743
0.408 0.745
0.410 0.747
0.412 0.749
0.414 0.752
0.416 0.754
0.418 0.756
0.420 0.758
0.422 0.760
0.424 0.762
0.426 0.764
0.428 0.766
0.430 0.768
0.432 0.770
0.434 0.772
0.436 0.774
0.438 0.776
0.440 0.778
0.442 0.780
0.444 0.782
0.446 0.784
0.448 0.786
0.450 0.788
0.452 0.790
0.454 0.792
0.456 0.794
0.458 0.796
0.460 0.798
0.462 0.800
0.464 0.802
0.466 0.804
0.468 0.807
0.470 0.809
0.472 0.811
0.474 0.813
0.476 0.815
0.478 0.817
0.480 0.820
0.482 0.822
0.484 0.824
0.486 0.826
0.488 0.829
0.490 0.831
0.492 0.833
0.494 0.836
0.496 0.838
0.498 0.841
0.500 0.843
0.502 0.846
0.504 0.848
0.506 0.850
0.508 0.853
0.510 0.855
0.512 0.857
0.514 0.859
0.516 0.861
0.518 0.863
0.520 0.865
0.522 0.867
0.524 0.868
0.526 0.870
0.528 0.871
0.530 0.873
0.532 0.874
0.534 0.876
0.536 0.877
0.538 0.878
0.540 0.879
0.542 0.880
0.544 0.881
0.546 0.882
0.548 0.882
0.550 0.883
0.552 0.883
0.554 0.884
0.556 0.884
0.558 0.885
0.560 0.885
0.562 0.885
0.564 0.885
0.566 0.885
0.568 0.885
0.570 0.885
0.572 0.884
0.574 0.884
0.576 0.884
0.578 0.883
0.580 0.883
0.582 0.883
0.584 0.882
0.586 0.882
0.588 0.882
0.590 0.881
0.592 0.881
0.594 0.881
0.596 0.880
0.598 0.880
0.600 0.880
0.602 0.880
0.604 0.880
0.606 0.880
0.608 0.879
0.610 0.879
0.612 0.879
0.614 0.879
0.616 0.879
0.618 0.879
0.620 0.879
0.622 0.879
0.624 0.879
0.626 0.879
0.628 0.879
0.630 0.879
0.632 0.879
0.634 0.879
0.636 0.880
0.638 0.880
0.640 0.880
0.642 0.880
0.644 0.880
0.646 0.881
0.648 0.881
0.650 0.881
0.652 0.882
0.654 0.882
0.656 0.882
0.658 0.883
0.660 0.883
0.662 0.883
0.664 0.884
0.666 0.884
0.668 0.884
0.670 0.885
0.672 0.885
0.674 0.886
0.676 0.886
0.678 0.886
0.680 0.887
0.682 0.887
0.684 0.888
0.686 0.888
0.688 0.889
0.690 0.889
0.692 0.890
0.694 0.890
0.696 0.891
0.698 0.892
0.700 0.892
0.702 0.893
0.704 0.893
0.706 0.894
0.708 0.895
0.710 0.895
0.712 0.896
0.714 0.896
0.716 0.897
0.718 0.898
0.720 0.898
0.722 0.899
0.724 0.900
0.726 0.901
0.728 0.902
0.730 0.903
0.732 0.905
0.734 0.906
0.736 0.908
0.738 0.909
0.740 0.911
0.742 0.913
0.744 0.915
0.746 0.917
0.748 0.919
0.750 0.921
0.752 0.923
0.754 0.925
0.756 0.927
0.758 0.929
0.760 0.932
0.762 0.934
0.764 0.937
0.766 0.940
0.768 0.943
0.770 0.946
0.772 0.949
0.774 0.953
0.776 0.956
0.778 0.960
0.780 0.964
0.782 0.968
0.784 0.971
0.786 0.975
0.788 0.978
0.790 0.982
0.792 0.985
0.794 0.988
0.796 0.991
0.798 0.993
0.800 0.995
0.802 0.997
0.804 0.998
0.806 0.999
0.808 1.000
0.810 1.000
0.812 1.000
0.814 0.999
0.816 0.997
0.818 0.995
0.820 0.993
0.822 0.990
0.824 0.987
0.826 0.983
0.828 0.979
0.830 0.975
0.832 0.970
0.834 0.965
0.836 0.959
0.838 0.953
0.840 0.946
0.842 0.940
0.844 0.932
0.846 0.924
0.848 0.916
0.850 0.908
0.852 0.899
0.854 0.889
0.856 0.879
0.858 0.869
0.860 0.858
0.862 0.847
0.864 0.836
0.866 0.824
0.868 0.812
0.870 0.800
0.872 0.787
0.874 0.775
0.876 0.762
0.878 0.749
0.880 0.736
0.882 0.722
0.884 0.709
0.886 0.695
0.888 0.681
0.890 0.667
0.892 0.653
0.894 0.638
0.896 0.624
0.898 0.609
0.900 0.594
0.902 0.578
0.904 0.563
0.906 0.547
0.908 0.531
0.910 0.514
0.912 0.498
0.914 0.481
0.916 0.464
0.918 0.446
0.920 0.428
0.922 0.410
0.924 0.393
0.926 0.375
0.928 0.357
0.930 0.339
0.932 0.321
0.934 0.303
0.936 0.285
0.938 0.268
0.940 0.251
0.942 0.234
0.944 0.218
0.946 0.202
0.948 0.187
0.950 0.172
0.952 0.158
0.954 0.145
0.956 0.133
0.958 0.121
0.960 0.110
0.962 0.099
0.964 0.089
0.966 0.079
0.968 0.070
0.970 0.062
0.972 0.054
0.974 0.047
0.976 0.040
0.978 0.033
0.980 0.027
0.982 0.022
0.984 0.017
0.986 0.013
0.988 0.009
0.990 0.006
0.992 0.003
0.994 0.002
0.996 0.001
0.998 0.000
