0.000 0.000
0.002 0.001
0.004 0.002
0.006 0.003
0.008 0.005
0.010 0.008
0.012 0.011
0.014 0.014
0.016 0.018
0.018 0.022
0.020 0.026
0.022 0.031
0.024 0.035
0.026 0.040
0.028 0.044
0.030 0.048
0.032 0.052
0.034 0.057
0.036 0.061
0.038 0.065
0.040 0.069
0.042 0.074
0.044 0.078
0.046 0.083
0.048 0.087
0.050 0.092
0.052 0.097
0.054 0.102
0.056 0.107
0.058 0.112
0.060 0.117
0.062 0.122
0.064 0.127
0.066 0.133
0.068 0.138
0.070 0.144
0.072 0.149
0.074 0.155
0.076 0.160
0.078 0.166
0.080 0.171
0.082 0.177
0.084 0.183
0.086 0.188
0.088 0.194
0.090 0.199
0.092 0.205
0.094 0.210
0.096 0.216
0.098 0.221
0.100 0.226
0.102 0.232
0.104 0.237
0.106 0.242
0.108 0.247
0.110 0.252
0.112 0.257
0.114 0.262
0.116 0.267
0.118 0.271
0.120 0.276
0.122 0.281
0.124 0.285
0.126 0.290
0.128 0.294
0.130 0.299
0.132 0.303
0.134 0.307
0.136 0.312
0.138 0.316
0.140 0.320
0.142 0.324
0.144 0.328
0.146 0.332
0.148 0.336
0.150 0.340
0.152 0.344
0.154 0.348
0.156 0.352
0.158 0.356
0.160 0.359
0.162 0.363
0.164 0.367
0.166 0.371
0.168 0.375
0.170 0.378
0.172 0.382
0.174 0.386
0.176 0.390
0.178 0.394
0.180 0.397
0.182 0.401
0.184 0.405
0.186 0.409
0.188 0.413
0.190 0.417
0.192 0.421
0.194 0.424
0.196 0.428
0.198 0.432
0.200 0.436
0.202 0.440
0.204 0.443
0.206 0.447
0.208 0.451
0.210 0.455
0.212 0.459
0.214 0.463
0.216 0.467
0.218 0.471
0.220 0.474
0.222 0.478
0.224 0.482
0.226 0.486
0.228 0.490
0.230 0.494
0.232 0.497
0.234 0.501
0.236 0.505
0.238 0.508
0.240 0.512
0.242 0.516
0.244 0.519
0.246 0.523
0.248 0.526
0.250 0.530
0.252 0.533
0.254 0.537
0.256 0.540
0.258 0.544
0.260 0.547
0.262 0.550
0.264 0.554
0.266 0.557
0.268 0.560
0.270 0.564
0.272 0.567
0.274 0.570
0.276 0.573
0.278 0.576
0.280 0.579
0.282 0.582
0.284 0.585
0.286 0.588
0.288 0.591
0.290 0.594
0.292 0.597
0.294 0.600
0.296 0.603
0.298 0.606
0.300 0.609
0.302 0.611
0.304 0.614
0.306 0.617
0.308 0.620
0.310 0.623
0.312 0.625
0.314 0.628
0.316 0.631
0.318 0.634
0.320 0.636
0.322 0.639
0.324 0.642
0.326 0.645
0.328 0.647
0.330 0.650
0.332 0.653
0.334 0.655
0.336 0.658
0.338 0.661
0.340 0.663
0.342 0.666
0.344 0.669
0.346 0.671
0.348 0.674
0.350 0.677
0.352 0.679
0.354 0.682
0.356 0.684
0.358 0.687
0.360 0.690
0.362 0.692
0.364 0.695
0.366 0.697
0.368 0.700
0.370 0.702
0.372 0.705
0.374 0.707
0.376 0.710
0.378 0.712
0.380 0.715
0.382 0.717
0.384 0.720
0.386 0.722
0.388 0.725
0.390 0.727
0.392 0.730
0.394 0.732
0.396 0.735
0.398 0.737
0.400 0.739
0.402 0.742
0.404 0.744
0.406 0.747
0.408 0.749
0.410 0.751
0.412 0.754
0.414 0.756
0.416 0.758
0.418 0.761
0.420 0.763
0.422 0.765
0.424 0.768
0.426 0.770
0.428 0.772
0.430 0.775
0.432 0.777
0.434 0.779
0.436 0.781
0.438 0.784
0.440 0.786
0.442 0.788
0.444 0.790
0.446 0.792
0.448 0.794
0.450 0.796
0.452 0.799
0.454 0.801
0.456 0.802
0.458 0.804
0.460 0.806
0.462 0.808
0.464 0.810
0.466 0.812
0.468 0.814
0.470 0.815
0.472 0.817
0.474 0.819
0.476 0.820
0.478 0.822
0.480 0.824
0.482 0.825
0.484 0.827
0.486 0.828
0.488 0.830
0.490 0.831
0.492 0.832
0.494 0.834
0.496 0.835
0.498 0.836
0.500 0.838
0.502 0.839
0.504 0.840
0.506 0.841
0.508 0.842
0.510 0.843
0.512 0.844
0.514 0.845
0.516 0.846
0.518 0.847
0.520 0.848
0.522 0.849
0.524 0.850
0.526 0.851
0.528 0.852
0.530 0.853
0.532 0.854
0.534 0.855
0.536 0.856
0.538 0.857
0.540 0.858
0.542 0.858
0.544 0.859
0.546 0.860
0.548 0.861
0.550 0.861
0.552 0.862
0.554 0.863
0.556 0.864
0.558 0.864
0.560 0.865
0.562 0.866
0.564 0.866
0.566 0.867
0.568 0.867
0.570 0.868
0.572 0.869
0.574 0.869
0.576 0.870
0.578 0.870
0.580 0.871
0.582 0.871
0.584 0.872
0.586 0.872
0.588 0.873
0.590 0.873
0.592 0.873
0.594 0.874
0.596 0.874
0.598 0.874
0.600 0.874
0.602 0.875
0.604 0.875
0.606 0.875
0.608 0.875
0.610 0.875
0.612 0.875
0.614 0.875
0.616 0.875
0.618 0.875
0.620 0.875
0.622 0.875
0.624 0.875
0.626 0.875
0.628 0.875
0.630 0.874
0.632 0.874
0.634 0.874
0.636 0.874
0.638 0.873
0.640 0.873
0.642 0.872
0.644 0.872
0.646 0.872
0.648 0.871
0.650 0.871
0.652 0.870
0.654 0.870
0.656 0.869
0.658 0.869
0.660 0.868
0.662 0.868
0.664 0.867
0.666 0.867
0.668 0.866
0.670 0.866
0.672 0.865
0.674 0.865
0.676 0.864
0.678 0.864
0.680 0.863
0.682 0.863
0.684 0.862
0.686 0.862
0.688 0.861
0.690 0.861
0.692 0.861
0.694 0.860
0.696 0.860
0.698 0.860
0.700 0.859
0.702 0.859
0.704 0.859
0.706 0.858
0.708 0.858
0.710 0.858
0.712 0.857
0.714 0.857
0.716 0.856
0.718 0.856
0.720 0.856
0.722 0.855
0.724 0.855
0.726 0.855
0.728 0.855
0.730 0.855
0.732 0.856
0.734 0.856
0.736 0.857
0.738 0.858
0.740 0.859
0.742 0.860
0.744 0.861
0.746 0.863
0.748 0.864
0.750 0.866
0.752 0.868
0.754 0.871
0.756 0.873
0.758 0.875
0.760 0.878
0.762 0.881
0.764 0.884
0.766 0.887
0.768 0.891
0.770 0.895
0.772 0.899
0.774 0.903
0.776 0.907
0.778 0.912
0.780 0.916
0.782 0.921
0.784 0.926
0.786 0.931
0.788 0.936
0.790 0.942
0.792 0.947
0.794 0.953
0.796 0.958
0.798 0.963
0.800 0.969
0.802 0.974
0.804 0.978
0.806 0.983
0.808 0.987
0.810 0.990
0.812 0.993
0.814 0.995
0.816 0.997
0.818 0.999
0.820 1.000
0.822 1.000
0.824 1.000
0.826 0.999
0.828 0.999
0.830 0.997
0.832 0.995
0.834 0.993
0.836 0.991
0.838 0.988
0.840 0.985
0.842 0.981
0.844 0.977
0.846 0.972
0.848 0.967
0.850 0.962
0.852 0.956
0.854 0.950
0.856 0.943
0.858 0.935
0.860 0.928
0.862 0.919
0.864 0.911
0.866 0.902
0.868 0.892
0.870 0.883
0.872 0.872
0.874 0.862
0.876 0.851
0.878 0.840
0.880 0.828
0.882 0.816
0.884 0.804
0.886 0.792
0.888 0.779
0.890 0.765
0.892 0.752
0.894 0.738
0.896 0.724
0.898 0.709
0.900 0.694
0.902 0.679
0.904 0.663
0.906 0.647
0.908 0.630
0.910 0.614
0.912 0.597
0.914 0.579
0.916 0.561
0.918 0.543
0.920 0.524
0.922 0.505
0.924 0.486
0.926 0.466
0.928 0.446
0.930 0.426
0.932 0.405
0.934 0.385
0.936 0.364
0.938 0.342
0.940 0.321
0.942 0.301
0.944 0.280
0.946 0.260
0.948 0.241
0.950 0.222
0.952 0.204
0.954 0.187
0.956 0.171
0.958 0.156
0.960 0.141
0.962 0.128
0.964 0.115
0.966 0.102
0.968 0.091
0.970 0.080
0.972 0.070
0.974 0.060
0.976 0.051
0.978 0.043
0.980 0.035
0.982 0.028
0.984 0.022
0.986 0.016
0.988 0.011
0.990 0.007
0.992 0.004
0.994 0.002
0.996 0.001
0.998 0.000
