0.000 0.000
0.002 0.001
0.004 0.002
0.006 0.003
0.008 0.005
0.010 0.007
0.012 0.009
0.014 0.012
0.016 0.015
0.018 0.019
0.020 0.022
0.022 0.026
0.024 0.030
0.026 0.033
0.028 0.037
0.030 0.041
0.032 0.044
0.034 0.048
0.036 0.052
0.038 0.055
0.040 0.059
0.042 0.063
0.044 0.066
0.046 0.070
0.048 0.075
0.050 0.079
0.052 0.083
0.054 0.087
0.056 0.092
0.058 0.096
0.060 0.101
0.062 0.106
0.064 0.111
0.066 0.116
0.068 0.120
0.070 0.125
0.072 0.130
0.074 0.135
0.076 0.141
0.078 0.146
0.080 0.151
0.082 0.156
0.084 0.161
0.086 0.166
0.088 0.171
0.090 0.176
0.092 0.181
0.094 0.187
0.096 0.192
0.098 0.197
0.100 0.202
0.102 0.207
0.104 0.212
0.106 0.216
0.108 0.221
0.110 0.226
0.112 0.231
0.114 0.236
0.116 0.240
0.118 0.245
0.120 0.250
0.122 0.254
0.124 0.259
0.126 0.263
0.128 0.268
0.130 0.272
0.132 0.277
0.134 0.281
0.136 0.286
0.138 0.290
0.140 0.294
0.142 0.299
0.144 0.303
0.146 0.307
0.148 0.312
0.150 0.316
0.152 0.320
0.154 0.324
0.156 0.328
0.158 0.332
0.160 0.336
0.162 0.341
0.164 0.345
0.166 0.349
0.168 0.353
0.170 0.357
0.172 0.361
0.174 0.365
0.176 0.369
0.178 0.373
0.180 0.377
0.182 0.380
0.184 0.384
0.186 0.388
0.188 0.392
0.190 0.396
0.192 0.400
0.194 0.404
0.196 0.408
0.198 0.411
0.200 0.415
0.202 0.419
0.204 0.423
0.206 0.426
0.208 0.430
0.210 0.434
0.212 0.437
0.214 0.441
0.216 0.445
0.218 0.448
0.220 0.452
0.222 0.456
0.224 0.459
0.226 0.463
0.228 0.466
0.230 0.470
0.232 0.474
0.234 0.477
0.236 0.481
0.238 0.484
0.240 0.487
0.242 0.491
0.244 0.494
0.246 0.498
0.248 0.501
0.250 0.504
0.252 0.508
0.254 0.511
0.256 0.514
0.258 0.518
0.260 0.521
0.262 0.524
0.264 0.528
0.266 0.531
0.268 0.534
0.270 0.537
0.272 0.540
0.274 0.544
0.276 0.547
0.278 0.550
0.280 0.553
0.282 0.556
0.284 0.559
0.286 0.562
0.288 0.565
0.290 0.568
0.292 0.571
0.294 0.574
0.296 0.577
0.298 0.580
0.300 0.583
0.302 0.586
0.304 0.589
0.306 0.592
0.308 0.595
0.310 0.598
0.312 0.601
0.314 0.604
0.316 0.607
0.318 0.609
0.320 0.612
0.322 0.615
0.324 0.618
0.326 0.621
0.328 0.624
0.330 0.626
0.332 0.629
0.334 0.632
0.336 0.635
0.338 0.637
0.340 0.640
0.342 0.643
0.344 0.646
0.346 0.648
0.348 0.651
0.350 0.654
0.352 0.656
0.354 0.659
0.356 0.662
0.358 0.664
0.360 0.667
0.362 0.670
0.364 0.672
0.366 0.675
0.368 0.677
0.370 0.680
0.372 0.683
0.374 0.685
0.376 0.688
0.378 0.690
0.380 0.693
0.382 0.695
0.384 0.698
0.386 0.700
0.388 0.702
0.390 0.705
0.392 0.707
0.394 0.710
0.396 0.712
0.398 0.714
0.400 0.717
0.402 0.719
0.404 0.721
0.406 0.723
0.408 0.726
0.410 0.728
0.412 0.730
0.414 0.732
0.416 0.734
0.418 0.737
0.420 0.739
0.422 0.741
0.424 0.743
0.426 0.745
0.428 0.747
0.430 0.749
0.432 0.751
0.434 0.753
0.436 0.755
0.438 0.757
0.440 0.759
0.442 0.761
0.444 0.763
0.446 0.765
0.448 0.767
0.450 0.769
0.452 0.771
0.454 0.772
0.456 0.774
0.458 0.776
0.460 0.778
0.462 0.780
0.464 0.781
0.466 0.783
0.468 0.785
0.470 0.786
0.472 0.788
0.474 0.790
0.476 0.791
0.478 0.793
0.480 0.795
0.482 0.796
0.484 0.798
0.486 0.799
0.488 0.801
0.490 0.802
0.492 0.804
0.494 0.805
0.496 0.807
0.498 0.808
0.500 0.809
0.502 0.811
0.504 0.812
0.506 0.814
0.508 0.815
0.510 0.816
0.512 0.817
0.514 0.819
0.516 0.820
0.518 0.821
0.520 0.822
0.522 0.823
0.524 0.825
0.526 0.826
0.528 0.827
0.530 0.828
0.532 0.829
0.534 0.830
0.536 0.831
0.538 0.832
0.540 0.833
0.542 0.833
0.544 0.834
0.546 0.835
0.548 0.836
0.550 0.837
0.552 0.837
0.554 0.838
0.556 0.839
0.558 0.840
0.560 0.840
0.562 0.841
0.564 0.841
0.566 0.842
0.568 0.843
0.570 0.843
0.572 0.844
0.574 0.844
0.576 0.844
0.578 0.845
0.580 0.845
0.582 0.846
0.584 0.846
0.586 0.846
0.588 0.847
0.590 0.847
0.592 0.847
0.594 0.848
0.596 0.848
0.598 0.848
0.600 0.849
0.602 0.849
0.604 0.849
0.606 0.850
0.608 0.850
0.610 0.850
0.612 0.851
0.614 0.851
0.616 0.851
0.618 0.852
0.620 0.852
0.622 0.852
0.624 0.853
0.626 0.853
0.628 0.853
0.630 0.853
0.632 0.854
0.634 0.854
0.636 0.854
0.638 0.854
0.640 0.855
0.642 0.855
0.644 0.855
0.646 0.855
0.648 0.856
0.650 0.856
0.652 0.856
0.654 0.856
0.656 0.857
0.658 0.857
0.660 0.857
0.662 0.857
0.664 0.857
0.666 0.858
0.668 0.858
0.670 0.858
0.672 0.858
0.674 0.858
0.676 0.859
0.678 0.859
0.680 0.859
0.682 0.859
0.684 0.859
0.686 0.859
0.688 0.860
0.690 0.860
0.692 0.860
0.694 0.860
0.696 0.860
0.698 0.860
0.700 0.861
0.702 0.861
0.704 0.861
0.706 0.861
0.708 0.861
0.710 0.861
0.712 0.861
0.714 0.861
0.716 0.861
0.718 0.861
0.720 0.862
0.722 0.862
0.724 0.862
0.726 0.862
0.728 0.863
0.730 0.863
0.732 0.864
0.734 0.865
0.736 0.866
0.738 0.868
0.740 0.869
0.742 0.870
0.744 0.872
0.746 0.874
0.748 0.876
0.750 0.878
0.752 0.880
0.754 0.883
0.756 0.885
0.758 0.888
0.760 0.891
0.762 0.893
0.764 0.897
0.766 0.900
0.768 0.903
0.770 0.907
0.772 0.911
0.774 0.915
0.776 0.920
0.778 0.924
0.780 0.929
0.782 0.933
0.784 0.938
0.786 0.943
0.788 0.948
0.790 0.953
0.792 0.958
0.794 0.963
0.796 0.968
0.798 0.972
0.800 0.977
0.802 0.981
0.804 0.985
0.806 0.988
0.808 0.991
0.810 0.994
0.812 0.996
0.814 0.998
0.816 0.999
0.818 1.000
0.820 1.000
0.822 1.000
0.824 0.999
0.826 0.998
0.828 0.996
0.830 0.995
0.832 0.992
0.834 0.990
0.836 0.987
0.838 0.983
0.840 0.979
0.842 0.975
0.844 0.971
0.846 0.966
0.848 0.960
0.850 0.954
0.852 0.948
0.854 0.941
0.856 0.934
0.858 0.926
0.860 0.918
0.862 0.910
0.864 0.901
0.866 0.892
0.868 0.882
0.870 0.872
0.872 0.862
0.874 0.851
0.876 0.840
0.878 0.829
0.880 0.817
0.882 0.805
0.884 0.793
0.886 0.780
0.888 0.767
0.890 0.753
0.892 0.740
0.894 0.726
0.896 0.711
0.898 0.697
0.900 0.682
0.902 0.666
0.904 0.651
0.906 0.634
0.908 0.618
0.910 0.601
0.912 0.584
0.914 0.566
0.916 0.548
0.918 0.529
0.920 0.510
0.922 0.491
0.924 0.472
0.926 0.452
0.928 0.432
0.930 0.412
0.932 0.391
0.934 0.371
0.936 0.350
0.938 0.329
0.940 0.309
0.942 0.289
0.944 0.269
0.946 0.249
0.948 0.231
0.950 0.213
0.952 0.196
0.954 0.179
0.956 0.164
0.958 0.149
0.960 0.135
0.962 0.122
0.964 0.110
0.966 0.098
0.968 0.087
0.970 0.077
0.972 0.067
0.974 0.058
0.976 0.049
0.978 0.041
0.980 0.034
0.982 0.027
0.984 0.021
0.986 0.015
0.988 0.011
0.990 0.007
0.992 0.004
0.994 0.002
0.996 0.001
0.998 0.000
