0.000 0.001
0.002 0.001
0.004 0.002
0.006 0.003
0.008 0.005
0.010 0.007
0.012 0.009
0.014 0.012
0.016 0.015
0.018 0.019
0.020 0.022
0.022 0.026
0.024 0.029
0.026 0.033
0.028 0.037
0.030 0.040
0.032 0.044
0.034 0.048
0.036 0.051
0.038 0.055
0.040 0.059
0.042 0.063
0.044 0.067
0.046 0.071
0.048 0.076
0.050 0.080
0.052 0.085
0.054 0.089
0.056 0.094
0.058 0.099
0.060 0.104
0.062 0.109
0.064 0.115
0.066 0.120
0.068 0.125
0.070 0.131
0.072 0.137
0.074 0.142
0.076 0.148
0.078 0.153
0.080 0.159
0.082 0.165
0.084 0.170
0.086 0.176
0.088 0.181
0.090 0.187
0.092 0.192
0.094 0.198
0.096 0.203
0.098 0.208
0.100 0.213
0.102 0.218
0.104 0.223
0.106 0.228
0.108 0.233
0.110 0.238
0.112 0.243
0.114 0.248
0.116 0.252
0.118 0.257
0.120 0.261
0.122 0.266
0.124 0.270
0.126 0.274
0.128 0.279
0.130 0.283
0.132 0.287
0.134 0.291
0.136 0.295
0.138 0.299
0.140 0.303
0.142 0.307
0.144 0.310
0.146 0.314
0.148 0.318
0.150 0.321
0.152 0.325
0.154 0.329
0.156 0.332
0.158 0.336
0.160 0.339
0.162 0.342
0.164 0.346
0.166 0.349
0.168 0.353
0.170 0.356
0.172 0.360
0.174 0.363
0.176 0.366
0.178 0.370
0.180 0.373
0.182 0.376
0.184 0.380
0.186 0.383
0.188 0.386
0.190 0.390
0.192 0.393
0.194 0.396
0.196 0.399
0.198 0.403
0.200 0.406
0.202 0.409
0.204 0.412
0.206 0.415
0.208 0.418
0.210 0.422
0.212 0.425
0.214 0.428
0.216 0.431
0.218 0.434
0.220 0.437
0.222 0.440
0.224 0.443
0.226 0.446
0.228 0.449
0.230 0.452
0.232 0.455
0.234 0.458
0.236 0.461
0.238 0.464
0.240 0.467
0.242 0.470
0.244 0.473
0.246 0.476
0.248 0.479
0.250 0.482
0.252 0.485
0.254 0.488
0.256 0.491
0.258 0.494
0.260 0.497
0.262 0.500
0.264 0.503
0.266 0.506
0.268 0.509
0.270 0.511
0.272 0.514
0.274 0.517
0.276 0.520
0.278 0.523
0.280 0.526
0.282 0.529
0.284 0.532
0.286 0.534
0.288 0.537
0.290 0.540
0.292 0.543
0.294 0.546
0.296 0.549
0.298 0.552
0.300 0.554
0.302 0.557
0.304 0.560
0.306 0.563
0.308 0.566
0.310 0.568
0.312 0.571
0.314 0.574
0.316 0.577
0.318 0.580
0.320 0.582
0.322 0.585
0.324 0.588
0.326 0.591
0.328 0.594
0.330 0.596
0.332 0.599
0.334 0.602
0.336 0.605
0.338 0.607
0.340 0.610
0.342 0.613
0.344 0.616
0.346 0.618
0.348 0.621
0.350 0.624
0.352 0.626
0.354 0.629
0.356 0.632
0.358 0.635
0.360 0.637
0.362 0.640
0.364 0.643
0.366 0.645
0.368 0.648
0.370 0.651
0.372 0.653
0.374 0.656
0.376 0.659
0.378 0.661
0.380 0.664
0.382 0.667
0.384 0.669
0.386 0.672
0.388 0.675
0.390 0.677
0.392 0.680
0.394 0.683
0.396 0.685
0.398 0.688
0.400 0.690
0.402 0.693
0.404 0.696
0.406 0.698
0.408 0.701
0.410 0.703
0.412 0.706
0.414 0.708
0.416 0.711
0.418 0.714
0.420 0.716
0.422 0.719
0.424 0.721
0.426 0.724
0.428 0.726
0.430 0.729
0.432 0.731
0.434 0.734
0.436 0.736
0.438 0.739
0.440 0.741
0.442 0.744
0.444 0.746
0.446 0.749
0.448 0.751
0.450 0.753
0.452 0.756
0.454 0.758
0.456 0.760
0.458 0.762
0.460 0.764
0.462 0.766
0.464 0.769
0.466 0.771
0.468 0.773
0.470 0.775
0.472 0.777
0.474 0.779
0.476 0.781
0.478 0.783
0.480 0.784
0.482 0.786
0.484 0.788
0.486 0.790
0.488 0.792
0.490 0.793
0.492 0.795
0.494 0.797
0.496 0.798
0.498 0.800
0.500 0.802
0.502 0.803
0.504 0.805
0.506 0.806
0.508 0.808
0.510 0.809
0.512 0.811
0.514 0.812
0.516 0.813
0.518 0.815
0.520 0.816
0.522 0.818
0.524 0.819
0.526 0.820
0.528 0.821
0.530 0.823
0.532 0.824
0.534 0.825
0.536 0.827
0.538 0.828
0.540 0.829
0.542 0.830
0.544 0.831
0.546 0.833
0.548 0.834
0.550 0.835
0.552 0.836
0.554 0.837
0.556 0.838
0.558 0.839
0.560 0.840
0.562 0.841
0.564 0.842
0.566 0.843
0.568 0.844
0.570 0.845
0.572 0.846
0.574 0.847
0.576 0.848
0.578 0.849
0.580 0.850
0.582 0.851
0.584 0.852
0.586 0.852
0.588 0.853
0.590 0.854
0.592 0.855
0.594 0.855
0.596 0.856
0.598 0.857
0.600 0.857
0.602 0.858
0.604 0.859
0.606 0.859
0.608 0.860
0.610 0.860
0.612 0.861
0.614 0.861
0.616 0.862
0.618 0.862
0.620 0.863
0.622 0.863
0.624 0.863
0.626 0.864
0.628 0.864
0.630 0.864
0.632 0.865
0.634 0.865
0.636 0.865
0.638 0.865
0.640 0.865
0.642 0.866
0.644 0.866
0.646 0.866
0.648 0.866
0.650 0.866
0.652 0.866
0.654 0.866
0.656 0.866
0.658 0.866
0.660 0.866
0.662 0.866
0.664 0.866
0.666 0.866
0.668 0.865
0.670 0.865
0.672 0.865
0.674 0.865
0.676 0.864
0.678 0.864
0.680 0.864
0.682 0.863
0.684 0.863
0.686 0.862
0.688 0.862
0.690 0.861
0.692 0.861
0.694 0.860
0.696 0.860
0.698 0.859
0.700 0.859
0.702 0.858
0.704 0.857
0.706 0.857
0.708 0.856
0.710 0.855
0.712 0.854
0.714 0.853
0.716 0.852
0.718 0.851
0.720 0.851
0.722 0.850
0.724 0.849
0.726 0.848
0.728 0.848
0.730 0.848
0.732 0.848
0.734 0.848
0.736 0.848
0.738 0.849
0.740 0.849
0.742 0.850
0.744 0.851
0.746 0.852
0.748 0.854
0.750 0.855
0.752 0.857
0.754 0.859
0.756 0.860
0.758 0.862
0.760 0.865
0.762 0.867
0.764 0.870
0.766 0.872
0.768 0.875
0.770 0.879
0.772 0.882
0.774 0.886
0.776 0.889
0.778 0.894
0.780 0.898
0.782 0.902
0.784 0.906
0.786 0.911
0.788 0.915
0.790 0.920
0.792 0.925
0.794 0.929
0.796 0.934
0.798 0.938
0.800 0.943
0.802 0.947
0.804 0.951
0.806 0.956
0.808 0.960
0.810 0.963
0.812 0.967
0.814 0.970
0.816 0.973
0.818 0.976
0.820 0.979
0.822 0.982
0.824 0.984
0.826 0.986
0.828 0.988
0.830 0.990
0.832 0.992
0.834 0.993
0.836 0.994
0.838 0.996
0.840 0.996
0.842 0.997
0.844 0.998
0.846 0.999
0.848 0.999
0.850 0.999
0.852 1.000
0.854 1.000
0.856 1.000
0.858 1.000
0.860 0.999
0.862 0.998
0.864 0.997
0.866 0.995
0.868 0.992
0.870 0.989
0.872 0.985
0.874 0.980
0.876 0.975
0.878 0.968
0.880 0.961
0.882 0.953
0.884 0.944
0.886 0.935
0.888 0.925
0.890 0.914
0.892 0.902
0.894 0.890
0.896 0.877
0.898 0.863
0.900 0.849
0.902 0.833
0.904 0.817
0.906 0.800
0.908 0.782
0.910 0.763
0.912 0.744
0.914 0.723
0.916 0.701
0.918 0.679
0.920 0.656
0.922 0.632
0.924 0.608
0.926 0.583
0.928 0.557
0.930 0.531
0.932 0.505
0.934 0.478
0.936 0.452
0.938 0.425
0.940 0.398
0.942 0.372
0.944 0.347
0.946 0.321
0.948 0.297
0.950 0.274
0.952 0.252
0.954 0.231
0.956 0.211
0.958 0.192
0.960 0.175
0.962 0.158
0.964 0.142
0.966 0.127
0.968 0.113
0.970 0.100
0.972 0.088
0.974 0.076
0.976 0.065
0.978 0.054
0.980 0.044
0.982 0.036
0.984 0.028
0.986 0.021
0.988 0.015
0.990 0.010
0.992 0.006
0.994 0.003
0.996 0.001
0.998 0.000
