0.000 0.001
0.002 0.001
0.004 0.002
0.006 0.003
0.008 0.004
0.010 0.006
0.012 0.007
0.014 0.009
0.016 0.011
0.018 0.013
0.020 0.016
0.022 0.018
0.024 0.020
0.026 0.023
0.028 0.025
0.030 0.028
0.032 0.031
0.034 0.034
0.036 0.036
0.038 0.039
0.040 0.042
0.042 0.046
0.044 0.049
0.046 0.052
0.048 0.056
0.050 0.059
0.052 0.063
0.054 0.067
0.056 0.071
0.058 0.075
0.060 0.080
0.062 0.084
0.064 0.088
0.066 0.093
0.068 0.098
0.070 0.102
0.072 0.107
0.074 0.112
0.076 0.117
0.078 0.121
0.080 0.126
0.082 0.131
0.084 0.136
0.086 0.140
0.088 0.145
0.090 0.149
0.092 0.154
0.094 0.158
0.096 0.162
0.098 0.166
0.100 0.170
0.102 0.174
0.104 0.178
0.106 0.182
0.108 0.186
0.110 0.189
0.112 0.193
0.114 0.197
0.116 0.200
0.118 0.204
0.120 0.207
0.122 0.210
0.124 0.213
0.126 0.217
0.128 0.220
0.130 0.223
0.132 0.225
0.134 0.228
0.136 0.231
0.138 0.234
0.140 0.236
0.142 0.239
0.144 0.241
0.146 0.244
0.148 0.247
0.150 0.249
0.152 0.252
0.154 0.254
0.156 0.257
0.158 0.259
0.160 0.262
0.162 0.264
0.164 0.267
0.166 0.269
0.168 0.272
0.170 0.275
0.172 0.277
0.174 0.280
0.176 0.283
0.178 0.285
0.180 0.288
0.182 0.291
0.184 0.294
0.186 0.296
0.188 0.299
0.190 0.302
0.192 0.305
0.194 0.308
0.196 0.311
0.198 0.313
0.200 0.316
0.202 0.319
0.204 0.322
0.206 0.325
0.208 0.328
0.210 0.331
0.212 0.334
0.214 0.337
0.216 0.340
0.218 0.343
0.220 0.346
0.222 0.349
0.224 0.352
0.226 0.355
0.228 0.358
0.230 0.361
0.232 0.364
0.234 0.367
0.236 0.370
0.238 0.373
0.240 0.375
0.242 0.378
0.244 0.381
0.246 0.384
0.248 0.387
0.250 0.389
0.252 0.392
0.254 0.395
0.256 0.398
0.258 0.400
0.260 0.403
0.262 0.406
0.264 0.408
0.266 0.411
0.268 0.414
0.270 0.416
0.272 0.419
0.274 0.422
0.276 0.424
0.278 0.427
0.280 0.429
0.282 0.432
0.284 0.434
0.286 0.437
0.288 0.439
0.290 0.442
0.292 0.444
0.294 0.447
0.296 0.449
0.298 0.451
0.300 0.454
0.302 0.456
0.304 0.459
0.306 0.461
0.308 0.463
0.310 0.466
0.312 0.468
0.314 0.471
0.316 0.473
0.318 0.475
0.320 0.478
0.322 0.480
0.324 0.482
0.326 0.485
0.328 0.487
0.330 0.489
0.332 0.492
0.334 0.494
0.336 0.496
0.338 0.498
0.340 0.501
0.342 0.503
0.344 0.505
0.346 0.507
0.348 0.510
0.350 0.512
0.352 0.514
0.354 0.516
0.356 0.519
0.358 0.521
0.360 0.523
0.362 0.525
0.364 0.527
0.366 0.530
0.368 0.532
0.370 0.534
0.372 0.536
0.374 0.539
0.376 0.541
0.378 0.543
0.380 0.546
0.382 0.548
0.384 0.550
0.386 0.553
0.388 0.555
0.390 0.558
0.392 0.560
0.394 0.562
0.396 0.565
0.398 0.567
0.400 0.570
0.402 0.572
0.404 0.575
0.406 0.577
0.408 0.580
0.410 0.582
0.412 0.585
0.414 0.587
0.416 0.590
0.418 0.593
0.420 0.595
0.422 0.598
0.424 0.600
0.426 0.603
0.428 0.606
0.430 0.608
0.432 0.611
0.434 0.614
0.436 0.616
0.438 0.619
0.440 0.621
0.442 0.624
0.444 0.627
0.446 0.629
0.448 0.632
0.450 0.634
0.452 0.636
0.454 0.639
0.456 0.641
0.458 0.644
0.460 0.646
0.462 0.648
0.464 0.650
0.466 0.653
0.468 0.655
0.470 0.657
0.472 0.659
0.474 0.661
0.476 0.663
0.478 0.666
0.480 0.668
0.482 0.670
0.484 0.672
0.486 0.674
0.488 0.676
0.490 0.678
0.492 0.679
0.494 0.681
0.496 0.683
0.498 0.685
0.500 0.687
0.502 0.689
0.504 0.690
0.506 0.692
0.508 0.694
0.510 0.696
0.512 0.697
0.514 0.699
0.516 0.701
0.518 0.702
0.520 0.704
0.522 0.706
0.524 0.707
0.526 0.709
0.528 0.710
0.530 0.712
0.532 0.714
0.534 0.715
0.536 0.717
0.538 0.718
0.540 0.720
0.542 0.721
0.544 0.723
0.546 0.724
0.548 0.725
0.550 0.727
0.552 0.728
0.554 0.730
0.556 0.731
0.558 0.732
0.560 0.734
0.562 0.735
0.564 0.736
0.566 0.738
0.568 0.739
0.570 0.740
0.572 0.742
0.574 0.743
0.576 0.744
0.578 0.745
0.580 0.746
0.582 0.748
0.584 0.749
0.586 0.750
0.588 0.751
0.590 0.753
0.592 0.754
0.594 0.755
0.596 0.756
0.598 0.757
0.600 0.758
0.602 0.760
0.604 0.761
0.606 0.762
0.608 0.763
0.610 0.764
0.612 0.765
0.614 0.767
0.616 0.768
0.618 0.769
0.620 0.770
0.622 0.771
0.624 0.772
0.626 0.773
0.628 0.775
0.630 0.776
0.632 0.777
0.634 0.778
0.636 0.779
0.638 0.780
0.640 0.781
0.642 0.782
0.644 0.783
0.646 0.784
0.648 0.785
0.650 0.787
0.652 0.788
0.654 0.789
0.656 0.789
0.658 0.790
0.660 0.791
0.662 0.792
0.664 0.793
0.666 0.794
0.668 0.795
0.670 0.796
0.672 0.797
0.674 0.797
0.676 0.798
0.678 0.799
0.680 0.800
0.682 0.800
0.684 0.801
0.686 0.802
0.688 0.802
0.690 0.803
0.692 0.803
0.694 0.804
0.696 0.804
0.698 0.805
0.700 0.806
0.702 0.806
0.704 0.806
0.706 0.807
0.708 0.807
0.710 0.808
0.712 0.808
0.714 0.809
0.716 0.809
0.718 0.809
0.720 0.810
0.722 0.811
0.724 0.811
0.726 0.812
0.728 0.813
0.730 0.814
0.732 0.815
0.734 0.817
0.736 0.818
0.738 0.820
0.740 0.821
0.742 0.823
0.744 0.825
0.746 0.828
0.748 0.830
0.750 0.832
0.752 0.835
0.754 0.837
0.756 0.840
0.758 0.843
0.760 0.846
0.762 0.849
0.764 0.852
0.766 0.855
0.768 0.859
0.770 0.862
0.772 0.866
0.774 0.870
0.776 0.874
0.778 0.878
0.780 0.883
0.782 0.887
0.784 0.892
0.786 0.896
0.788 0.901
0.790 0.905
0.792 0.909
0.794 0.914
0.796 0.918
0.798 0.922
0.800 0.927
0.802 0.931
0.804 0.935
0.806 0.939
0.808 0.942
0.810 0.946
0.812 0.950
0.814 0.953
0.816 0.956
0.818 0.959
0.820 0.962
0.822 0.965
0.824 0.968
0.826 0.971
0.828 0.973
0.830 0.976
0.832 0.978
0.834 0.980
0.836 0.983
0.838 0.985
0.840 0.987
0.842 0.988
0.844 0.990
0.846 0.992
0.848 0.993
0.850 0.995
0.852 0.996
0.854 0.998
0.856 0.999
0.858 1.000
0.860 1.000
0.862 1.000
0.864 0.999
0.866 0.998
0.868 0.996
0.870 0.993
0.872 0.989
0.874 0.984
0.876 0.978
0.878 0.971
0.880 0.963
0.882 0.955
0.884 0.945
0.886 0.935
0.888 0.924
0.890 0.912
0.892 0.900
0.894 0.887
0.896 0.873
0.898 0.859
0.900 0.844
0.902 0.827
0.904 0.810
0.906 0.792
0.908 0.773
0.910 0.753
0.912 0.732
0.914 0.709
0.916 0.686
0.918 0.661
0.920 0.636
0.922 0.611
0.924 0.584
0.926 0.558
0.928 0.531
0.930 0.504
0.932 0.477
0.934 0.451
0.936 0.424
0.938 0.398
0.940 0.373
0.942 0.347
0.944 0.323
0.946 0.299
0.948 0.276
0.950 0.254
0.952 0.234
0.954 0.214
0.956 0.195
0.958 0.177
0.960 0.161
0.962 0.145
0.964 0.130
0.966 0.116
0.968 0.103
0.970 0.090
0.972 0.079
0.974 0.068
0.976 0.057
0.978 0.048
0.980 0.039
0.982 0.031
0.984 0.024
0.986 0.018
0.988 0.013
0.990 0.008
0.992 0.005
0.994 0.002
0.996 0.001
0.998 0.000
