0.000 0.001
0.002 0.001
0.004 0.002
0.006 0.003
0.008 0.005
0.010 0.006
0.012 0.008
0.014 0.010
0.016 0.013
0.018 0.015
0.020 0.018
0.022 0.020
0.024 0.023
0.026 0.026
0.028 0.030
0.030 0.033
0.032 0.036
0.034 0.039
0.036 0.043
0.038 0.047
0.040 0.051
0.042 0.055
0.044 0.059
0.046 0.063
0.048 0.067
0.050 0.072
0.052 0.077
0.054 0.082
0.056 0.087
0.058 0.092
0.060 0.098
0.062 0.103
0.064 0.109
0.066 0.115
0.068 0.121
0.070 0.127
0.072 0.133
0.074 0.139
0.076 0.145
0.078 0.151
0.080 0.158
0.082 0.164
0.084 0.170
0.086 0.176
0.088 0.182
0.090 0.187
0.092 0.193
0.094 0.198
0.096 0.204
0.098 0.209
0.100 0.214
0.102 0.219
0.104 0.224
0.106 0.229
0.108 0.234
0.110 0.239
0.112 0.244
0.114 0.249
0.116 0.253
0.118 0.258
0.120 0.262
0.122 0.266
0.124 0.271
0.126 0.275
0.128 0.279
0.130 0.283
0.132 0.286
0.134 0.290
0.136 0.294
0.138 0.297
0.140 0.301
0.142 0.304
0.144 0.307
0.146 0.311
0.148 0.314
0.150 0.317
0.152 0.321
0.154 0.324
0.156 0.327
0.158 0.330
0.160 0.334
0.162 0.337
0.164 0.340
0.166 0.343
0.168 0.347
0.170 0.350
0.172 0.353
0.174 0.356
0.176 0.360
0.178 0.363
0.180 0.366
0.182 0.370
0.184 0.373
0.186 0.376
0.188 0.380
0.190 0.383
0.192 0.386
0.194 0.390
0.196 0.393
0.198 0.397
0.200 0.400
0.202 0.403
0.204 0.407
0.206 0.410
0.208 0.413
0.210 0.417
0.212 0.420
0.214 0.424
0.216 0.427
0.218 0.430
0.220 0.434
0.222 0.437
0.224 0.441
0.226 0.444
0.228 0.447
0.230 0.450
0.232 0.454
0.234 0.457
0.236 0.460
0.238 0.463
0.240 0.466
0.242 0.470
0.244 0.473
0.246 0.476
0.248 0.479
0.250 0.482
0.252 0.485
0.254 0.488
0.256 0.491
0.258 0.494
0.260 0.497
0.262 0.500
0.264 0.503
0.266 0.506
0.268 0.508
0.270 0.511
0.272 0.514
0.274 0.517
0.276 0.519
0.278 0.522
0.280 0.525
0.282 0.528
0.284 0.530
0.286 0.533
0.288 0.536
0.290 0.538
0.292 0.541
0.294 0.543
0.296 0.546
0.298 0.549
0.300 0.551
0.302 0.554
0.304 0.556
0.306 0.559
0.308 0.562
0.310 0.564
0.312 0.567
0.314 0.569
0.316 0.572
0.318 0.575
0.320 0.577
0.322 0.580
0.324 0.582
0.326 0.585
0.328 0.588
0.330 0.590
0.332 0.593
0.334 0.595
0.336 0.598
0.338 0.601
0.340 0.603
0.342 0.606
0.344 0.608
0.346 0.611
0.348 0.614
0.350 0.616
0.352 0.619
0.354 0.621
0.356 0.624
0.358 0.627
0.360 0.629
0.362 0.632
0.364 0.634
0.366 0.637
0.368 0.640
0.370 0.642
0.372 0.645
0.374 0.647
0.376 0.650
0.378 0.653
0.380 0.655
0.382 0.658
0.384 0.660
0.386 0.663
0.388 0.665
0.390 0.668
0.392 0.671
0.394 0.673
0.396 0.676
0.398 0.678
0.400 0.681
0.402 0.683
0.404 0.686
0.406 0.688
0.408 0.691
0.410 0.693
0.412 0.696
0.414 0.698
0.416 0.701
0.418 0.703
0.420 0.706
0.422 0.708
0.424 0.711
0.426 0.713
0.428 0.716
0.430 0.718
0.432 0.721
0.434 0.723
0.436 0.726
0.438 0.728
0.440 0.731
0.442 0.733
0.444 0.735
0.446 0.738
0.448 0.740
0.450 0.743
0.452 0.745
0.454 0.747
0.456 0.749
0.458 0.752
0.460 0.754
0.462 0.756
0.464 0.758
0.466 0.760
0.468 0.763
0.470 0.765
0.472 0.767
0.474 0.769
0.476 0.771
0.478 0.773
0.480 0.775
0.482 0.777
0.484 0.779
0.486 0.781
0.488 0.783
0.490 0.785
0.492 0.787
0.494 0.789
0.496 0.791
0.498 0.793
0.500 0.794
0.502 0.796
0.504 0.798
0.506 0.800
0.508 0.801
0.510 0.803
0.512 0.805
0.514 0.806
0.516 0.808
0.518 0.810
0.520 0.811
0.522 0.813
0.524 0.814
0.526 0.816
0.528 0.817
0.530 0.818
0.532 0.820
0.534 0.821
0.536 0.822
0.538 0.823
0.540 0.825
0.542 0.826
0.544 0.827
0.546 0.828
0.548 0.829
0.550 0.830
0.552 0.831
0.554 0.832
0.556 0.833
0.558 0.834
0.560 0.835
0.562 0.836
0.564 0.836
0.566 0.837
0.568 0.838
0.570 0.839
0.572 0.839
0.574 0.840
0.576 0.841
0.578 0.841
0.580 0.842
0.582 0.842
0.584 0.843
0.586 0.843
0.588 0.844
0.590 0.844
0.592 0.845
0.594 0.845
0.596 0.845
0.598 0.846
0.600 0.846
0.602 0.846
0.604 0.847
0.606 0.847
0.608 0.847
0.610 0.847
0.612 0.848
0.614 0.848
0.616 0.848
0.618 0.848
0.620 0.848
0.622 0.848
0.624 0.848
0.626 0.849
0.628 0.849
0.630 0.849
0.632 0.849
0.634 0.849
0.636 0.848
0.638 0.848
0.640 0.848
0.642 0.848
0.644 0.848
0.646 0.848
0.648 0.848
0.650 0.848
0.652 0.847
0.654 0.847
0.656 0.847
0.658 0.847
0.660 0.847
0.662 0.846
0.664 0.846
0.666 0.846
0.668 0.846
0.670 0.845
0.672 0.845
0.674 0.845
0.676 0.844
0.678 0.844
0.680 0.844
0.682 0.843
0.684 0.843
0.686 0.843
0.688 0.842
0.690 0.842
0.692 0.842
0.694 0.841
0.696 0.841
0.698 0.840
0.700 0.840
0.702 0.840
0.704 0.839
0.706 0.839
0.708 0.838
0.710 0.838
0.712 0.837
0.714 0.837
0.716 0.836
0.718 0.836
0.720 0.836
0.722 0.835
0.724 0.835
0.726 0.835
0.728 0.835
0.730 0.835
0.732 0.835
0.734 0.835
0.736 0.835
0.738 0.836
0.740 0.836
0.742 0.837
0.744 0.838
0.746 0.838
0.748 0.839
0.750 0.840
0.752 0.841
0.754 0.842
0.756 0.843
0.758 0.845
0.760 0.846
0.762 0.847
0.764 0.849
0.766 0.850
0.768 0.852
0.770 0.854
0.772 0.856
0.774 0.858
0.776 0.860
0.778 0.862
0.780 0.864
0.782 0.866
0.784 0.869
0.786 0.871
0.788 0.874
0.790 0.876
0.792 0.879
0.794 0.881
0.796 0.884
0.798 0.887
0.800 0.890
0.802 0.892
0.804 0.895
0.806 0.898
0.808 0.901
0.810 0.904
0.812 0.907
0.814 0.910
0.816 0.914
0.818 0.917
0.820 0.920
0.822 0.923
0.824 0.927
0.826 0.930
0.828 0.933
0.830 0.937
0.832 0.940
0.834 0.944
0.836 0.947
0.838 0.951
0.840 0.954
0.842 0.958
0.844 0.962
0.846 0.965
0.848 0.969
0.850 0.973
0.852 0.977
0.854 0.981
0.856 0.985
0.858 0.989
0.860 0.992
0.862 0.995
0.864 0.998
0.866 0.999
0.868 1.000
0.870 1.000
0.872 0.998
0.874 0.996
0.876 0.992
0.878 0.987
0.880 0.981
0.882 0.974
0.884 0.967
0.886 0.958
0.888 0.948
0.890 0.938
0.892 0.927
0.894 0.915
0.896 0.902
0.898 0.888
0.900 0.874
0.902 0.858
0.904 0.842
0.906 0.824
0.908 0.805
0.910 0.785
0.912 0.763
0.914 0.741
0.916 0.717
0.918 0.692
0.920 0.666
0.922 0.640
0.924 0.612
0.926 0.585
0.928 0.557
0.930 0.529
0.932 0.501
0.934 0.473
0.936 0.445
0.938 0.418
0.940 0.391
0.942 0.365
0.944 0.339
0.946 0.314
0.948 0.290
0.950 0.267
0.952 0.245
0.954 0.224
0.956 0.205
0.958 0.186
0.960 0.169
0.962 0.152
0.964 0.137
0.966 0.122
0.968 0.108
0.970 0.095
0.972 0.083
0.974 0.071
0.976 0.060
0.978 0.051
0.980 0.041
0.982 0.033
0.984 0.026
0.986 0.019
0.988 0.014
0.990 0.009
0.992 0.005
0.994 0.003
0.996 0.001
0.998 0.000
