0.000 0.001
0.002 0.001
0.004 0.002
0.006 0.004
0.008 0.005
0.010 0.007
0.012 0.010
0.014 0.012
0.016 0.015
0.018 0.017
0.020 0.020
0.022 0.023
0.024 0.027
0.026 0.030
0.028 0.033
0.030 0.036
0.032 0.039
0.034 0.042
0.036 0.045
0.038 0.049
0.040 0.052
0.042 0.055
0.044 0.059
0.046 0.063
0.048 0.066
0.050 0.070
0.052 0.074
0.054 0.078
0.056 0.083
0.058 0.087
0.060 0.091
0.062 0.096
0.064 0.100
0.066 0.105
0.068 0.110
0.070 0.114
0.072 0.119
0.074 0.124
0.076 0.129
0.078 0.134
0.080 0.139
0.082 0.143
0.084 0.148
0.086 0.153
0.088 0.157
0.090 0.162
0.092 0.167
0.094 0.171
0.096 0.175
0.098 0.180
0.100 0.184
0.102 0.188
0.104 0.192
0.106 0.196
0.108 0.200
0.110 0.204
0.112 0.208
0.114 0.211
0.116 0.215
0.118 0.219
0.120 0.222
0.122 0.226
0.124 0.229
0.126 0.233
0.128 0.236
0.130 0.239
0.132 0.242
0.134 0.245
0.136 0.248
0.138 0.251
0.140 0.254
0.142 0.257
0.144 0.260
0.146 0.262
0.148 0.265
0.150 0.268
0.152 0.270
0.154 0.273
0.156 0.276
0.158 0.278
0.160 0.281
0.162 0.283
0.164 0.286
0.166 0.289
0.168 0.291
0.170 0.294
0.172 0.296
0.174 0.299
0.176 0.302
0.178 0.304
0.180 0.307
0.182 0.309
0.184 0.312
0.186 0.315
0.188 0.317
0.190 0.320
0.192 0.322
0.194 0.325
0.196 0.328
0.198 0.330
0.200 0.333
0.202 0.335
0.204 0.338
0.206 0.341
0.208 0.343
0.210 0.346
0.212 0.348
0.214 0.351
0.216 0.354
0.218 0.356
0.220 0.359
0.222 0.361
0.224 0.364
0.226 0.367
0.228 0.369
0.230 0.372
0.232 0.374
0.234 0.377
0.236 0.379
0.238 0.382
0.240 0.384
0.242 0.387
0.244 0.389
0.246 0.392
0.248 0.395
0.250 0.397
0.252 0.400
0.254 0.402
0.256 0.405
0.258 0.407
0.260 0.410
0.262 0.412
0.264 0.415
0.266 0.417
0.268 0.420
0.270 0.422
0.272 0.425
0.274 0.427
0.276 0.429
0.278 0.432
0.280 0.434
0.282 0.437
0.284 0.439
0.286 0.442
0.288 0.444
0.290 0.447
0.292 0.449
0.294 0.451
0.296 0.454
0.298 0.456
0.300 0.459
0.302 0.461
0.304 0.464
0.306 0.466
0.308 0.468
0.310 0.471
0.312 0.473
0.314 0.476
0.316 0.478
0.318 0.481
0.320 0.483
0.322 0.485
0.324 0.488
0.326 0.490
0.328 0.493
0.330 0.495
0.332 0.497
0.334 0.500
0.336 0.502
0.338 0.504
0.340 0.507
0.342 0.509
0.344 0.512
0.346 0.514
0.348 0.516
0.350 0.519
0.352 0.521
0.354 0.524
0.356 0.526
0.358 0.528
0.360 0.531
0.362 0.533
0.364 0.535
0.366 0.538
0.368 0.540
0.370 0.543
0.372 0.545
0.374 0.547
0.376 0.550
0.378 0.552
0.380 0.555
0.382 0.557
0.384 0.559
0.386 0.562
0.388 0.564
0.390 0.567
0.392 0.569
0.394 0.572
0.396 0.574
0.398 0.577
0.400 0.579
0.402 0.581
0.404 0.584
0.406 0.586
0.408 0.589
0.410 0.591
0.412 0.594
0.414 0.597
0.416 0.599
0.418 0.602
0.420 0.604
0.422 0.607
0.424 0.609
0.426 0.612
0.428 0.614
0.430 0.617
0.432 0.619
0.434 0.622
0.436 0.625
0.438 0.627
0.440 0.630
0.442 0.632
0.444 0.635
0.446 0.637
0.448 0.640
0.450 0.642
0.452 0.645
0.454 0.647
0.456 0.649
0.458 0.652
0.460 0.654
0.462 0.657
0.464 0.659
0.466 0.661
0.468 0.664
0.470 0.666
0.472 0.668
0.474 0.670
0.476 0.673
0.478 0.675
0.480 0.677
0.482 0.679
0.484 0.682
0.486 0.684
0.488 0.686
0.490 0.688
0.492 0.690
0.494 0.692
0.496 0.695
0.498 0.697
0.500 0.699
0.502 0.701
0.504 0.703
0.506 0.705
0.508 0.707
0.510 0.709
0.512 0.711
0.514 0.713
0.516 0.715
0.518 0.717
0.520 0.718
0.522 0.720
0.524 0.722
0.526 0.724
0.528 0.726
0.530 0.727
0.532 0.729
0.534 0.731
0.536 0.732
0.538 0.734
0.540 0.735
0.542 0.737
0.544 0.738
0.546 0.740
0.548 0.741
0.550 0.743
0.552 0.744
0.554 0.746
0.556 0.747
0.558 0.748
0.560 0.749
0.562 0.751
0.564 0.752
0.566 0.753
0.568 0.754
0.570 0.755
0.572 0.757
0.574 0.758
0.576 0.759
0.578 0.760
0.580 0.761
0.582 0.762
0.584 0.763
0.586 0.764
0.588 0.765
0.590 0.766
0.592 0.767
0.594 0.768
0.596 0.769
0.598 0.770
0.600 0.772
0.602 0.773
0.604 0.774
0.606 0.775
0.608 0.776
0.610 0.777
0.612 0.778
0.614 0.779
0.616 0.780
0.618 0.781
0.620 0.783
0.622 0.784
0.624 0.785
0.626 0.786
0.628 0.787
0.630 0.788
0.632 0.789
0.634 0.790
0.636 0.792
0.638 0.793
0.640 0.794
0.642 0.795
0.644 0.796
0.646 0.797
0.648 0.799
0.650 0.800
0.652 0.801
0.654 0.802
0.656 0.803
0.658 0.804
0.660 0.805
0.662 0.806
0.664 0.806
0.666 0.807
0.668 0.808
0.670 0.809
0.672 0.809
0.674 0.810
0.676 0.811
0.678 0.811
0.680 0.812
0.682 0.812
0.684 0.813
0.686 0.813
0.688 0.814
0.690 0.814
0.692 0.814
0.694 0.815
0.696 0.815
0.698 0.815
0.700 0.815
0.702 0.815
0.704 0.816
0.706 0.816
0.708 0.816
0.710 0.816
0.712 0.816
0.714 0.815
0.716 0.815
0.718 0.815
0.720 0.815
0.722 0.815
0.724 0.815
0.726 0.816
0.728 0.816
0.730 0.816
0.732 0.817
0.734 0.818
0.736 0.819
0.738 0.820
0.740 0.821
0.742 0.823
0.744 0.824
0.746 0.826
0.748 0.828
0.750 0.830
0.752 0.832
0.754 0.834
0.756 0.836
0.758 0.839
0.760 0.841
0.762 0.844
0.764 0.847
0.766 0.850
0.768 0.853
0.770 0.856
0.772 0.860
0.774 0.864
0.776 0.868
0.778 0.872
0.780 0.876
0.782 0.880
0.784 0.884
0.786 0.889
0.788 0.893
0.790 0.898
0.792 0.902
0.794 0.907
0.796 0.911
0.798 0.915
0.800 0.920
0.802 0.924
0.804 0.928
0.806 0.932
0.808 0.936
0.810 0.940
0.812 0.943
0.814 0.947
0.816 0.951
0.818 0.954
0.820 0.957
0.822 0.960
0.824 0.963
0.826 0.966
0.828 0.969
0.830 0.971
0.832 0.974
0.834 0.976
0.836 0.979
0.838 0.981
0.840 0.983
0.842 0.985
0.844 0.987
0.846 0.989
0.848 0.990
0.850 0.992
0.852 0.994
0.854 0.996
0.856 0.997
0.858 0.999
0.860 0.999
0.862 1.000
0.864 1.000
0.866 0.999
0.868 0.998
0.870 0.996
0.872 0.993
0.874 0.989
0.876 0.984
0.878 0.978
0.880 0.971
0.882 0.963
0.884 0.954
0.886 0.945
0.888 0.935
0.890 0.924
0.892 0.913
0.894 0.900
0.896 0.887
0.898 0.873
0.900 0.859
0.902 0.843
0.904 0.827
0.906 0.809
0.908 0.791
0.910 0.771
0.912 0.751
0.914 0.729
0.916 0.706
0.918 0.682
0.920 0.658
0.922 0.633
0.924 0.607
0.926 0.581
0.928 0.554
0.930 0.527
0.932 0.500
0.934 0.473
0.936 0.445
0.938 0.418
0.940 0.392
0.942 0.366
0.944 0.340
0.946 0.315
0.948 0.291
0.950 0.268
0.952 0.246
0.954 0.225
0.956 0.205
0.958 0.187
0.960 0.169
0.962 0.153
0.964 0.137
0.966 0.123
0.968 0.109
0.970 0.096
0.972 0.083
0.974 0.072
0.976 0.061
0.978 0.051
0.980 0.042
0.982 0.033
0.984 0.026
0.986 0.019
0.988 0.013
0.990 0.009
0.992 0.005
0.994 0.002
0.996 0.001
0.998 0.000
