0.000 0.001
0.002 0.001
0.004 0.001
0.006 0.002
0.008 0.003
0.010 0.005
0.012 0.007
0.014 0.009
0.016 0.011
0.018 0.013
0.020 0.016
0.022 0.019
0.024 0.022
0.026 0.025
0.028 0.028
0.030 0.031
0.032 0.035
0.034 0.039
0.036 0.043
0.038 0.047
0.040 0.051
0.042 0.056
0.044 0.060
0.046 0.065
0.048 0.070
0.050 0.075
0.052 0.081
0.054 0.087
0.056 0.093
0.058 0.099
0.060 0.105
0.062 0.111
0.064 0.118
0.066 0.125
0.068 0.132
0.070 0.139
0.072 0.146
0.074 0.153
0.076 0.160
0.078 0.168
0.080 0.175
0.082 0.182
0.084 0.189
0.086 0.196
0.088 0.203
0.090 0.210
0.092 0.217
0.094 0.223
0.096 0.230
0.098 0.236
0.100 0.242
0.102 0.248
0.104 0.254
0.106 0.260
0.108 0.266
0.110 0.271
0.112 0.277
0.114 0.283
0.116 0.288
0.118 0.293
0.120 0.299
0.122 0.304
0.124 0.309
0.126 0.314
0.128 0.319
0.130 0.323
0.132 0.328
0.134 0.332
0.136 0.336
0.138 0.341
0.140 0.345
0.142 0.349
0.144 0.353
0.146 0.357
0.148 0.361
0.150 0.365
0.152 0.369
0.154 0.373
0.156 0.377
0.158 0.381
0.160 0.385
0.162 0.389
0.164 0.393
0.166 0.397
0.168 0.401
0.170 0.405
0.172 0.409
0.174 0.413
0.176 0.417
0.178 0.421
0.180 0.425
0.182 0.429
0.184 0.433
0.186 0.437
0.188 0.441
0.190 0.445
0.192 0.449
0.194 0.453
0.196 0.457
0.198 0.461
0.200 0.465
0.202 0.469
0.204 0.473
0.206 0.477
0.208 0.482
0.210 0.486
0.212 0.490
0.214 0.494
0.216 0.498
0.218 0.502
0.220 0.506
0.222 0.510
0.224 0.514
0.226 0.518
0.228 0.522
0.230 0.526
0.232 0.530
0.234 0.534
0.236 0.537
0.238 0.541
0.240 0.545
0.242 0.548
0.244 0.552
0.246 0.555
0.248 0.559
0.250 0.562
0.252 0.566
0.254 0.569
0.256 0.572
0.258 0.576
0.260 0.579
0.262 0.582
0.264 0.585
0.266 0.588
0.268 0.591
0.270 0.594
0.272 0.597
0.274 0.600
0.276 0.603
0.278 0.606
0.280 0.608
0.282 0.611
0.284 0.614
0.286 0.616
0.288 0.619
0.290 0.622
0.292 0.624
0.294 0.627
0.296 0.630
0.298 0.632
0.300 0.635
0.302 0.637
0.304 0.640
0.306 0.643
0.308 0.645
0.310 0.648
0.312 0.651
0.314 0.653
0.316 0.656
0.318 0.659
0.320 0.662
0.322 0.665
0.324 0.667
0.326 0.670
0.328 0.673
0.330 0.676
0.332 0.679
0.334 0.681
0.336 0.684
0.338 0.687
0.340 0.690
0.342 0.693
0.344 0.696
0.346 0.698
0.348 0.701
0.350 0.704
0.352 0.707
0.354 0.710
0.356 0.713
0.358 0.716
0.360 0.719
0.362 0.722
0.364 0.725
0.366 0.728
0.368 0.731
0.370 0.734
0.372 0.736
0.374 0.739
0.376 0.742
0.378 0.745
0.380 0.748
0.382 0.751
0.384 0.754
0.386 0.756
0.388 0.759
0.390 0.762
0.392 0.765
0.394 0.768
0.396 0.770
0.398 0.773
0.400 0.776
0.402 0.779
0.404 0.782
0.406 0.784
0.408 0.787
0.410 0.790
0.412 0.792
0.414 0.795
0.416 0.798
0.418 0.801
0.420 0.803
0.422 0.806
0.424 0.809
0.426 0.811
0.428 0.814
0.430 0.816
0.432 0.819
0.434 0.822
0.436 0.824
0.438 0.827
0.440 0.829
0.442 0.832
0.444 0.834
0.446 0.836
0.448 0.839
0.450 0.841
0.452 0.843
0.454 0.846
0.456 0.848
0.458 0.850
0.460 0.852
0.462 0.854
0.464 0.857
0.466 0.859
0.468 0.861
0.470 0.863
0.472 0.865
0.474 0.867
0.476 0.869
0.478 0.870
0.480 0.872
0.482 0.874
0.484 0.876
0.486 0.878
0.488 0.879
0.490 0.881
0.492 0.883
0.494 0.884
0.496 0.886
0.498 0.888
0.500 0.889
0.502 0.891
0.504 0.892
0.506 0.893
0.508 0.895
0.510 0.896
0.512 0.898
0.514 0.899
0.516 0.900
0.518 0.901
0.520 0.903
0.522 0.904
0.524 0.905
0.526 0.906
0.528 0.907
0.530 0.908
0.532 0.909
0.534 0.910
0.536 0.911
0.538 0.912
0.540 0.913
0.542 0.914
0.544 0.915
0.546 0.915
0.548 0.916
0.550 0.917
0.552 0.918
0.554 0.918
0.556 0.919
0.558 0.919
0.560 0.920
0.562 0.921
0.564 0.921
0.566 0.922
0.568 0.922
0.570 0.922
0.572 0.923
0.574 0.923
0.576 0.923
0.578 0.924
0.580 0.924
0.582 0.924
0.584 0.924
0.586 0.925
0.588 0.925
0.590 0.925
0.592 0.925
0.594 0.925
0.596 0.925
0.598 0.925
0.600 0.925
0.602 0.925
0.604 0.925
0.606 0.925
0.608 0.925
0.610 0.925
0.612 0.925
0.614 0.925
0.616 0.925
0.618 0.925
0.620 0.925
0.622 0.924
0.624 0.924
0.626 0.924
0.628 0.924
0.630 0.923
0.632 0.923
0.634 0.923
0.636 0.922
0.638 0.922
0.640 0.921
0.642 0.921
0.644 0.920
0.646 0.920
0.648 0.920
0.650 0.919
0.652 0.919
0.654 0.918
0.656 0.918
0.658 0.917
0.660 0.917
0.662 0.916
0.664 0.916
0.666 0.915
0.668 0.915
0.670 0.914
0.672 0.914
0.674 0.913
0.676 0.913
0.678 0.912
0.680 0.912
0.682 0.911
0.684 0.911
0.686 0.910
0.688 0.910
0.690 0.909
0.692 0.909
0.694 0.908
0.696 0.908
0.698 0.907
0.700 0.907
0.702 0.906
0.704 0.906
0.706 0.905
0.708 0.905
0.710 0.904
0.712 0.904
0.714 0.903
0.716 0.903
0.718 0.902
0.720 0.902
0.722 0.901
0.724 0.901
0.726 0.901
0.728 0.900
0.730 0.900
0.732 0.900
0.734 0.900
0.736 0.900
0.738 0.900
0.740 0.900
0.742 0.900
0.744 0.900
0.746 0.901
0.748 0.901
0.750 0.901
0.752 0.902
0.754 0.902
0.756 0.903
0.758 0.903
0.760 0.904
0.762 0.904
0.764 0.905
0.766 0.906
0.768 0.907
0.770 0.907
0.772 0.908
0.774 0.909
0.776 0.910
0.778 0.911
0.780 0.912
0.782 0.914
0.784 0.915
0.786 0.916
0.788 0.917
0.790 0.919
0.792 0.920
0.794 0.922
0.796 0.923
0.798 0.925
0.800 0.926
0.802 0.928
0.804 0.930
0.806 0.931
0.808 0.933
0.810 0.935
0.812 0.937
0.814 0.939
0.816 0.941
0.818 0.943
0.820 0.945
0.822 0.947
0.824 0.949
0.826 0.952
0.828 0.954
0.830 0.956
0.832 0.959
0.834 0.961
0.836 0.964
0.838 0.966
0.840 0.969
0.842 0.971
0.844 0.974
0.846 0.977
0.848 0.980
0.850 0.982
0.852 0.985
0.854 0.988
0.856 0.991
0.858 0.994
0.860 0.996
0.862 0.998
0.864 0.999
0.866 1.000
0.868 1.000
0.870 0.998
0.872 0.996
0.874 0.993
0.876 0.988
0.878 0.983
0.880 0.976
0.882 0.968
0.884 0.960
0.886 0.951
0.888 0.940
0.890 0.929
0.892 0.918
0.894 0.905
0.896 0.892
0.898 0.878
0.900 0.863
0.902 0.848
0.904 0.831
0.906 0.813
0.908 0.794
0.910 0.774
0.912 0.752
0.914 0.729
0.916 0.705
0.918 0.681
0.920 0.655
0.922 0.629
0.924 0.602
0.926 0.574
0.928 0.547
0.930 0.519
0.932 0.492
0.934 0.465
0.936 0.437
0.938 0.411
0.940 0.385
0.942 0.359
0.944 0.334
0.946 0.310
0.948 0.286
0.950 0.264
0.952 0.242
0.954 0.222
0.956 0.203
0.958 0.185
0.960 0.168
0.962 0.151
0.964 0.136
0.966 0.121
0.968 0.108
0.970 0.095
0.972 0.083
0.974 0.072
0.976 0.061
0.978 0.051
0.980 0.042
0.982 0.034
0.984 0.026
0.986 0.020
0.988 0.014
0.990 0.010
0.992 0.006
0.994 0.003
0.996 0.001
0.998 0.000
