0.000 0.001
0.002 0.001
0.004 0.002
0.006 0.003
0.008 0.004
0.010 0.006
0.012 0.008
0.014 0.011
0.016 0.013
0.018 0.016
0.020 0.019
0.022 0.022
0.024 0.026
0.026 0.029
0.028 0.032
0.030 0.036
0.032 0.039
0.034 0.042
0.036 0.046
0.038 0.049
0.040 0.053
0.042 0.057
0.044 0.061
0.046 0.065
0.048 0.069
0.050 0.073
0.052 0.078
0.054 0.082
0.056 0.087
0.058 0.092
0.060 0.097
0.062 0.102
0.064 0.107
0.066 0.112
0.068 0.118
0.070 0.123
0.072 0.129
0.074 0.134
0.076 0.140
0.078 0.146
0.080 0.151
0.082 0.157
0.084 0.162
0.086 0.168
0.088 0.173
0.090 0.178
0.092 0.183
0.094 0.188
0.096 0.193
0.098 0.198
0.100 0.202
0.102 0.207
0.104 0.211
0.106 0.216
0.108 0.220
0.110 0.224
0.112 0.229
0.114 0.233
0.116 0.237
0.118 0.240
0.120 0.244
0.122 0.248
0.124 0.251
0.126 0.255
0.128 0.258
0.130 0.261
0.132 0.264
0.134 0.267
0.136 0.270
0.138 0.273
0.140 0.276
0.142 0.279
0.144 0.281
0.146 0.284
0.148 0.287
0.150 0.289
0.152 0.292
0.154 0.294
0.156 0.296
0.158 0.299
0.160 0.301
0.162 0.304
0.164 0.306
0.166 0.309
0.168 0.311
0.170 0.314
0.172 0.316
0.174 0.319
0.176 0.321
0.178 0.324
0.180 0.327
0.182 0.329
0.184 0.332
0.186 0.335
0.188 0.337
0.190 0.340
0.192 0.342
0.194 0.345
0.196 0.348
0.198 0.351
0.200 0.353
0.202 0.356
0.204 0.359
0.206 0.361
0.208 0.364
0.210 0.367
0.212 0.370
0.214 0.373
0.216 0.375
0.218 0.378
0.220 0.381
0.222 0.384
0.224 0.387
0.226 0.389
0.228 0.392
0.230 0.395
0.232 0.398
0.234 0.401
0.236 0.403
0.238 0.406
0.240 0.409
0.242 0.411
0.244 0.414
0.246 0.417
0.248 0.419
0.250 0.422
0.252 0.425
0.254 0.427
0.256 0.430
0.258 0.432
0.260 0.435
0.262 0.437
0.264 0.440
0.266 0.443
0.268 0.445
0.270 0.447
0.272 0.450
0.274 0.452
0.276 0.455
0.278 0.457
0.280 0.460
0.282 0.462
0.284 0.465
0.286 0.467
0.288 0.469
0.290 0.472
0.292 0.474
0.294 0.476
0.296 0.479
0.298 0.481
0.300 0.484
0.302 0.486
0.304 0.488
0.306 0.491
0.308 0.493
0.310 0.496
0.312 0.498
0.314 0.500
0.316 0.503
0.318 0.505
0.320 0.508
0.322 0.510
0.324 0.513
0.326 0.515
0.328 0.518
0.330 0.520
0.332 0.523
0.334 0.525
0.336 0.528
0.338 0.530
0.340 0.533
0.342 0.535
0.344 0.538
0.346 0.541
0.348 0.543
0.350 0.546
0.352 0.548
0.354 0.551
0.356 0.553
0.358 0.556
0.360 0.559
0.362 0.561
0.364 0.564
0.366 0.566
0.368 0.569
0.370 0.572
0.372 0.574
0.374 0.577
0.376 0.579
0.378 0.582
0.380 0.584
0.382 0.587
0.384 0.589
0.386 0.592
0.388 0.594
0.390 0.597
0.392 0.599
0.394 0.602
0.396 0.604
0.398 0.607
0.400 0.609
0.402 0.611
0.404 0.614
0.406 0.616
0.408 0.618
0.410 0.621
0.412 0.623
0.414 0.626
0.416 0.628
0.418 0.630
0.420 0.632
0.422 0.635
0.424 0.637
0.426 0.639
0.428 0.642
0.430 0.644
0.432 0.646
0.434 0.648
0.436 0.650
0.438 0.653
0.440 0.655
0.442 0.657
0.444 0.659
0.446 0.662
0.448 0.664
0.450 0.666
0.452 0.668
0.454 0.670
0.456 0.673
0.458 0.675
0.460 0.677
0.462 0.679
0.464 0.682
0.466 0.684
0.468 0.686
0.470 0.688
0.472 0.691
0.474 0.693
0.476 0.695
0.478 0.697
0.480 0.700
0.482 0.702
0.484 0.704
0.486 0.706
0.488 0.709
0.490 0.711
0.492 0.713
0.494 0.715
0.496 0.718
0.498 0.720
0.500 0.722
0.502 0.725
0.504 0.727
0.506 0.729
0.508 0.731
0.510 0.733
0.512 0.735
0.514 0.737
0.516 0.739
0.518 0.741
0.520 0.743
0.522 0.745
0.524 0.747
0.526 0.749
0.528 0.750
0.530 0.752
0.532 0.754
0.534 0.755
0.536 0.757
0.538 0.758
0.540 0.759
0.542 0.761
0.544 0.762
0.546 0.763
0.548 0.764
0.550 0.766
0.552 0.767
0.554 0.768
0.556 0.769
0.558 0.770
0.560 0.770
0.562 0.771
0.564 0.772
0.566 0.773
0.568 0.773
0.570 0.774
0.572 0.775
0.574 0.775
0.576 0.776
0.578 0.776
0.580 0.777
0.582 0.777
0.584 0.778
0.586 0.778
0.588 0.778
0.590 0.779
0.592 0.779
0.594 0.780
0.596 0.780
0.598 0.781
0.600 0.781
0.602 0.781
0.604 0.782
0.606 0.782
0.608 0.783
0.610 0.783
0.612 0.784
0.614 0.784
0.616 0.784
0.618 0.785
0.620 0.785
0.622 0.786
0.624 0.786
0.626 0.786
0.628 0.787
0.630 0.787
0.632 0.787
0.634 0.788
0.636 0.788
0.638 0.789
0.640 0.789
0.642 0.789
0.644 0.790
0.646 0.790
0.648 0.790
0.650 0.791
0.652 0.791
0.654 0.791
0.656 0.791
0.658 0.792
0.660 0.792
0.662 0.792
0.664 0.792
0.666 0.792
0.668 0.793
0.670 0.793
0.672 0.793
0.674 0.793
0.676 0.793
0.678 0.793
0.680 0.793
0.682 0.793
0.684 0.793
0.686 0.793
0.688 0.793
0.690 0.793
0.692 0.793
0.694 0.793
0.696 0.792
0.698 0.792
0.700 0.792
0.702 0.792
0.704 0.792
0.706 0.791
0.708 0.791
0.710 0.791
0.712 0.790
0.714 0.790
0.716 0.790
0.718 0.789
0.720 0.789
0.722 0.789
0.724 0.789
0.726 0.789
0.728 0.789
0.730 0.789
0.732 0.789
0.734 0.789
0.736 0.790
0.738 0.791
0.740 0.791
0.742 0.792
0.744 0.793
0.746 0.794
0.748 0.795
0.750 0.797
0.752 0.798
0.754 0.800
0.756 0.801
0.758 0.803
0.760 0.804
0.762 0.806
0.764 0.808
0.766 0.810
0.768 0.813
0.770 0.815
0.772 0.817
0.774 0.820
0.776 0.823
0.778 0.826
0.780 0.829
0.782 0.832
0.784 0.835
0.786 0.838
0.788 0.841
0.790 0.845
0.792 0.848
0.794 0.851
0.796 0.855
0.798 0.858
0.800 0.862
0.802 0.866
0.804 0.869
0.806 0.873
0.808 0.877
0.810 0.881
0.812 0.884
0.814 0.888
0.816 0.892
0.818 0.896
0.820 0.900
0.822 0.904
0.824 0.908
0.826 0.912
0.828 0.917
0.830 0.921
0.832 0.925
0.834 0.929
0.836 0.933
0.838 0.937
0.840 0.941
0.842 0.945
0.844 0.949
0.846 0.954
0.848 0.958
0.850 0.963
0.852 0.968
0.854 0.973
0.856 0.978
0.858 0.982
0.860 0.987
0.862 0.991
0.864 0.994
0.866 0.997
0.868 0.999
0.870 1.000
0.872 1.000
0.874 0.999
0.876 0.996
0.878 0.993
0.880 0.989
0.882 0.983
0.884 0.977
0.886 0.969
0.888 0.961
0.890 0.952
0.892 0.942
0.894 0.931
0.896 0.920
0.898 0.907
0.900 0.893
0.902 0.879
0.904 0.863
0.906 0.846
0.908 0.828
0.910 0.809
0.912 0.788
0.914 0.766
0.916 0.743
0.918 0.719
0.920 0.694
0.922 0.668
0.924 0.642
0.926 0.615
0.928 0.587
0.930 0.559
0.932 0.531
0.934 0.502
0.936 0.474
0.938 0.445
0.940 0.417
0.942 0.389
0.944 0.362
0.946 0.336
0.948 0.311
0.950 0.286
0.952 0.263
0.954 0.241
0.956 0.220
0.958 0.200
0.960 0.182
0.962 0.165
0.964 0.148
0.966 0.133
0.968 0.118
0.970 0.104
0.972 0.091
0.974 0.079
0.976 0.067
0.978 0.056
0.980 0.046
0.982 0.037
0.984 0.029
0.986 0.022
0.988 0.015
0.990 0.010
0.992 0.006
0.994 0.003
0.996 0.001
0.998 0.000
