0.000 0.001
0.002 0.001
0.004 0.002
0.006 0.003
0.008 0.005
0.010 0.007
0.012 0.009
0.014 0.012
0.016 0.015
0.018 0.019
0.020 0.022
0.022 0.026
0.024 0.029
0.026 0.033
0.028 0.037
0.030 0.040
0.032 0.044
0.034 0.047
0.036 0.051
0.038 0.055
0.040 0.058
0.042 0.062
0.044 0.066
0.046 0.070
0.048 0.074
0.050 0.078
0.052 0.083
0.054 0.087
0.056 0.092
0.058 0.097
0.060 0.102
0.062 0.107
0.064 0.112
0.066 0.117
0.068 0.122
0.070 0.127
0.072 0.132
0.074 0.137
0.076 0.143
0.078 0.148
0.080 0.153
0.082 0.158
0.084 0.164
0.086 0.169
0.088 0.174
0.090 0.179
0.092 0.184
0.094 0.189
0.096 0.193
0.098 0.198
0.100 0.203
0.102 0.207
0.104 0.212
0.106 0.216
0.108 0.221
0.110 0.225
0.112 0.229
0.114 0.233
0.116 0.237
0.118 0.241
0.120 0.245
0.122 0.249
0.124 0.253
0.126 0.256
0.128 0.260
0.130 0.263
0.132 0.267
0.134 0.270
0.136 0.273
0.138 0.277
0.140 0.280
0.142 0.283
0.144 0.286
0.146 0.289
0.148 0.292
0.150 0.295
0.152 0.297
0.154 0.300
0.156 0.303
0.158 0.306
0.160 0.309
0.162 0.311
0.164 0.314
0.166 0.317
0.168 0.320
0.170 0.322
0.172 0.325
0.174 0.328
0.176 0.331
0.178 0.334
0.180 0.337
0.182 0.340
0.184 0.343
0.186 0.345
0.188 0.348
0.190 0.351
0.192 0.354
0.194 0.357
0.196 0.360
0.198 0.363
0.200 0.366
0.202 0.369
0.204 0.372
0.206 0.374
0.208 0.377
0.210 0.380
0.212 0.383
0.214 0.386
0.216 0.389
0.218 0.392
0.220 0.395
0.222 0.398
0.224 0.401
0.226 0.404
0.228 0.407
0.230 0.410
0.232 0.413
0.234 0.416
0.236 0.419
0.238 0.421
0.240 0.424
0.242 0.427
0.244 0.430
0.246 0.433
0.248 0.435
0.250 0.438
0.252 0.441
0.254 0.444
0.256 0.446
0.258 0.449
0.260 0.452
0.262 0.454
0.264 0.457
0.266 0.460
0.268 0.462
0.270 0.465
0.272 0.468
0.274 0.470
0.276 0.473
0.278 0.475
0.280 0.478
0.282 0.480
0.284 0.483
0.286 0.485
0.288 0.488
0.290 0.490
0.292 0.493
0.294 0.495
0.296 0.498
0.298 0.500
0.300 0.502
0.302 0.505
0.304 0.507
0.306 0.510
0.308 0.512
0.310 0.515
0.312 0.517
0.314 0.520
0.316 0.522
0.318 0.525
0.320 0.527
0.322 0.529
0.324 0.532
0.326 0.534
0.328 0.537
0.330 0.539
0.332 0.542
0.334 0.544
0.336 0.547
0.338 0.549
0.340 0.552
0.342 0.554
0.344 0.557
0.346 0.559
0.348 0.562
0.350 0.564
0.352 0.567
0.354 0.569
0.356 0.572
0.358 0.574
0.360 0.577
0.362 0.579
0.364 0.582
0.366 0.584
0.368 0.587
0.370 0.589
0.372 0.592
0.374 0.594
0.376 0.596
0.378 0.599
0.380 0.601
0.382 0.604
0.384 0.606
0.386 0.609
0.388 0.611
0.390 0.614
0.392 0.616
0.394 0.619
0.396 0.621
0.398 0.623
0.400 0.626
0.402 0.628
0.404 0.631
0.406 0.633
0.408 0.636
0.410 0.638
0.412 0.640
0.414 0.643
0.416 0.645
0.418 0.648
0.420 0.650
0.422 0.652
0.424 0.655
0.426 0.657
0.428 0.659
0.430 0.662
0.432 0.664
0.434 0.667
0.436 0.669
0.438 0.671
0.440 0.674
0.442 0.676
0.444 0.678
0.446 0.681
0.448 0.683
0.450 0.685
0.452 0.687
0.454 0.690
0.456 0.692
0.458 0.694
0.460 0.697
0.462 0.699
0.464 0.701
0.466 0.703
0.468 0.705
0.470 0.708
0.472 0.710
0.474 0.712
0.476 0.714
0.478 0.716
0.480 0.719
0.482 0.721
0.484 0.723
0.486 0.725
0.488 0.727
0.490 0.729
0.492 0.731
0.494 0.733
0.496 0.736
0.498 0.738
0.500 0.740
0.502 0.742
0.504 0.744
0.506 0.746
0.508 0.748
0.510 0.750
0.512 0.752
0.514 0.754
0.516 0.756
0.518 0.757
0.520 0.759
0.522 0.761
0.524 0.763
0.526 0.764
0.528 0.766
0.530 0.767
0.532 0.769
0.534 0.770
0.536 0.772
0.538 0.773
0.540 0.775
0.542 0.776
0.544 0.777
0.546 0.779
0.548 0.780
0.550 0.781
0.552 0.782
0.554 0.783
0.556 0.784
0.558 0.785
0.560 0.786
0.562 0.787
0.564 0.788
0.566 0.789
0.568 0.790
0.570 0.790
0.572 0.791
0.574 0.792
0.576 0.793
0.578 0.793
0.580 0.794
0.582 0.794
0.584 0.795
0.586 0.796
0.588 0.796
0.590 0.797
0.592 0.797
0.594 0.798
0.596 0.798
0.598 0.799
0.600 0.799
0.602 0.800
0.604 0.800
0.606 0.801
0.608 0.801
0.610 0.802
0.612 0.802
0.614 0.803
0.616 0.803
0.618 0.804
0.620 0.804
0.622 0.804
0.624 0.805
0.626 0.805
0.628 0.806
0.630 0.806
0.632 0.806
0.634 0.807
0.636 0.807
0.638 0.808
0.640 0.808
0.642 0.808
0.644 0.809
0.646 0.809
0.648 0.809
0.650 0.810
0.652 0.810
0.654 0.810
0.656 0.810
0.658 0.811
0.660 0.811
0.662 0.811
0.664 0.812
0.666 0.812
0.668 0.812
0.670 0.812
0.672 0.813
0.674 0.813
0.676 0.813
0.678 0.813
0.680 0.813
0.682 0.814
0.684 0.814
0.686 0.814
0.688 0.814
0.690 0.814
0.692 0.815
0.694 0.815
0.696 0.815
0.698 0.815
0.700 0.815
0.702 0.816
0.704 0.816
0.706 0.816
0.708 0.816
0.710 0.816
0.712 0.816
0.714 0.816
0.716 0.816
0.718 0.816
0.720 0.817
0.722 0.817
0.724 0.817
0.726 0.817
0.728 0.818
0.730 0.818
0.732 0.818
0.734 0.819
0.736 0.820
0.738 0.820
0.740 0.821
0.742 0.822
0.744 0.823
0.746 0.824
0.748 0.825
0.750 0.826
0.752 0.827
0.754 0.828
0.756 0.829
0.758 0.831
0.760 0.832
0.762 0.834
0.764 0.835
0.766 0.837
0.768 0.838
0.770 0.840
0.772 0.842
0.774 0.844
0.776 0.846
0.778 0.848
0.780 0.850
0.782 0.852
0.784 0.855
0.786 0.857
0.788 0.859
0.790 0.862
0.792 0.864
0.794 0.867
0.796 0.869
0.798 0.872
0.800 0.874
0.802 0.877
0.804 0.880
0.806 0.883
0.808 0.886
0.810 0.889
0.812 0.892
0.814 0.895
0.816 0.899
0.818 0.902
0.820 0.905
0.822 0.909
0.824 0.912
0.826 0.916
0.828 0.919
0.830 0.923
0.832 0.926
0.834 0.930
0.836 0.933
0.838 0.937
0.840 0.941
0.842 0.944
0.844 0.948
0.846 0.952
0.848 0.956
0.850 0.961
0.852 0.965
0.854 0.970
0.856 0.975
0.858 0.980
0.860 0.984
0.862 0.989
0.864 0.992
0.866 0.996
0.868 0.998
0.870 0.999
0.872 1.000
0.874 0.999
0.876 0.998
0.878 0.995
0.880 0.992
0.882 0.987
0.884 0.981
0.886 0.975
0.888 0.967
0.890 0.959
0.892 0.950
0.894 0.939
0.896 0.928
0.898 0.916
0.900 0.903
0.902 0.889
0.904 0.874
0.906 0.857
0.908 0.840
0.910 0.821
0.912 0.801
0.914 0.780
0.916 0.758
0.918 0.735
0.920 0.710
0.922 0.685
0.924 0.659
0.926 0.633
0.928 0.605
0.930 0.578
0.932 0.549
0.934 0.521
0.936 0.492
0.938 0.463
0.940 0.434
0.942 0.405
0.944 0.377
0.946 0.350
0.948 0.324
0.950 0.298
0.952 0.274
0.954 0.251
0.956 0.230
0.958 0.209
0.960 0.190
0.962 0.172
0.964 0.155
0.966 0.139
0.968 0.124
0.970 0.109
0.972 0.096
0.974 0.083
0.976 0.071
0.978 0.059
0.980 0.049
0.982 0.039
0.984 0.031
0.986 0.023
0.988 0.016
0.990 0.011
0.992 0.006
0.994 0.003
0.996 0.001
0.998 0.000
