0.000 0.001
0.002 0.001
0.004 0.002
0.006 0.003
0.008 0.006
0.010 0.009
0.012 0.012
0.014 0.016
0.016 0.020
0.018 0.024
0.020 0.028
0.022 0.033
0.024 0.038
0.026 0.042
0.028 0.047
0.030 0.051
0.032 0.056
0.034 0.060
0.036 0.065
0.038 0.069
0.040 0.073
0.042 0.078
0.044 0.082
0.046 0.087
0.048 0.092
0.050 0.097
0.052 0.102
0.054 0.107
0.056 0.113
0.058 0.118
0.060 0.123
0.062 0.129
0.064 0.134
0.066 0.140
0.068 0.146
0.070 0.152
0.072 0.157
0.074 0.163
0.076 0.169
0.078 0.175
0.080 0.180
0.082 0.186
0.084 0.192
0.086 0.198
0.088 0.203
0.090 0.209
0.092 0.215
0.094 0.220
0.096 0.226
0.098 0.231
0.100 0.237
0.102 0.242
0.104 0.248
0.106 0.253
0.108 0.258
0.110 0.263
0.112 0.268
0.114 0.273
0.116 0.278
0.118 0.283
0.120 0.288
0.122 0.292
0.124 0.297
0.126 0.302
0.128 0.306
0.130 0.311
0.132 0.315
0.134 0.319
0.136 0.324
0.138 0.328
0.140 0.332
0.142 0.336
0.144 0.340
0.146 0.344
0.148 0.348
0.150 0.352
0.152 0.356
0.154 0.360
0.156 0.364
0.158 0.368
0.160 0.371
0.162 0.375
0.164 0.379
0.166 0.383
0.168 0.386
0.170 0.390
0.172 0.394
0.174 0.397
0.176 0.401
0.178 0.404
0.180 0.408
0.182 0.412
0.184 0.415
0.186 0.419
0.188 0.422
0.190 0.426
0.192 0.429
0.194 0.433
0.196 0.436
0.198 0.440
0.200 0.443
0.202 0.447
0.204 0.450
0.206 0.453
0.208 0.457
0.210 0.460
0.212 0.463
0.214 0.467
0.216 0.470
0.218 0.473
0.220 0.477
0.222 0.480
0.224 0.483
0.226 0.486
0.228 0.490
0.230 0.493
0.232 0.496
0.234 0.499
0.236 0.502
0.238 0.505
0.240 0.508
0.242 0.511
0.244 0.514
0.246 0.517
0.248 0.520
0.250 0.523
0.252 0.526
0.254 0.529
0.256 0.532
0.258 0.535
0.260 0.538
0.262 0.540
0.264 0.543
0.266 0.546
0.268 0.549
0.270 0.551
0.272 0.554
0.274 0.557
0.276 0.559
0.278 0.562
0.280 0.565
0.282 0.567
0.284 0.570
0.286 0.572
0.288 0.575
0.290 0.577
0.292 0.580
0.294 0.582
0.296 0.585
0.298 0.587
0.300 0.590
0.302 0.592
0.304 0.595
0.306 0.597
0.308 0.600
0.310 0.602
0.312 0.605
0.314 0.608
0.316 0.610
0.318 0.613
0.320 0.615
0.322 0.618
0.324 0.621
0.326 0.623
0.328 0.626
0.330 0.629
0.332 0.631
0.334 0.634
0.336 0.637
0.338 0.640
0.340 0.642
0.342 0.645
0.344 0.648
0.346 0.651
0.348 0.654
0.350 0.656
0.352 0.659
0.354 0.662
0.356 0.665
0.358 0.668
0.360 0.671
0.362 0.674
0.364 0.677
0.366 0.679
0.368 0.682
0.370 0.685
0.372 0.688
0.374 0.691
0.376 0.694
0.378 0.697
0.380 0.699
0.382 0.702
0.384 0.705
0.386 0.708
0.388 0.710
0.390 0.713
0.392 0.716
0.394 0.719
0.396 0.721
0.398 0.724
0.400 0.726
0.402 0.729
0.404 0.732
0.406 0.734
0.408 0.737
0.410 0.739
0.412 0.742
0.414 0.744
0.416 0.747
0.418 0.749
0.420 0.751
0.422 0.754
0.424 0.756
0.426 0.759
0.428 0.761
0.430 0.763
0.432 0.766
0.434 0.768
0.436 0.770
0.438 0.772
0.440 0.775
0.442 0.777
0.444 0.779
0.446 0.781
0.448 0.783
0.450 0.786
0.452 0.788
0.454 0.790
0.456 0.792
0.458 0.794
0.460 0.796
0.462 0.798
0.464 0.800
0.466 0.802
0.468 0.804
0.470 0.806
0.472 0.808
0.474 0.810
0.476 0.812
0.478 0.814
0.480 0.816
0.482 0.817
0.484 0.819
0.486 0.821
0.488 0.823
0.490 0.825
0.492 0.826
0.494 0.828
0.496 0.830
0.498 0.832
0.500 0.833
0.502 0.835
0.504 0.837
0.506 0.838
0.508 0.840
0.510 0.842
0.512 0.843
0.514 0.845
0.516 0.846
0.518 0.848
0.520 0.849
0.522 0.851
0.524 0.852
0.526 0.853
0.528 0.855
0.530 0.856
0.532 0.857
0.534 0.859
0.536 0.860
0.538 0.861
0.540 0.862
0.542 0.864
0.544 0.865
0.546 0.866
0.548 0.867
0.550 0.868
0.552 0.869
0.554 0.870
0.556 0.871
0.558 0.872
0.560 0.873
0.562 0.874
0.564 0.875
0.566 0.875
0.568 0.876
0.570 0.877
0.572 0.878
0.574 0.878
0.576 0.879
0.578 0.880
0.580 0.880
0.582 0.881
0.584 0.882
0.586 0.882
0.588 0.883
0.590 0.883
0.592 0.884
0.594 0.884
0.596 0.885
0.598 0.885
0.600 0.886
0.602 0.886
0.604 0.887
0.606 0.887
0.608 0.888
0.610 0.888
0.612 0.888
0.614 0.889
0.616 0.889
0.618 0.889
0.620 0.890
0.622 0.890
0.624 0.890
0.626 0.891
0.628 0.891
0.630 0.891
0.632 0.891
0.634 0.891
0.636 0.892
0.638 0.892
0.640 0.892
0.642 0.892
0.644 0.892
0.646 0.892
0.648 0.892
0.650 0.892
0.652 0.892
0.654 0.893
0.656 0.893
0.658 0.893
0.660 0.893
0.662 0.892
0.664 0.892
0.666 0.892
0.668 0.892
0.670 0.892
0.672 0.892
0.674 0.892
0.676 0.892
0.678 0.891
0.680 0.891
0.682 0.891
0.684 0.891
0.686 0.890
0.688 0.890
0.690 0.890
0.692 0.889
0.694 0.889
0.696 0.889
0.698 0.888
0.700 0.888
0.702 0.887
0.704 0.887
0.706 0.887
0.708 0.886
0.710 0.885
0.712 0.885
0.714 0.884
0.716 0.884
0.718 0.883
0.720 0.882
0.722 0.882
0.724 0.881
0.726 0.881
0.728 0.880
0.730 0.880
0.732 0.880
0.734 0.880
0.736 0.880
0.738 0.880
0.740 0.880
0.742 0.880
0.744 0.881
0.746 0.881
0.748 0.882
0.750 0.883
0.752 0.883
0.754 0.884
0.756 0.885
0.758 0.886
0.760 0.887
0.762 0.889
0.764 0.890
0.766 0.892
0.768 0.893
0.770 0.895
0.772 0.897
0.774 0.899
0.776 0.901
0.778 0.903
0.780 0.906
0.782 0.908
0.784 0.911
0.786 0.913
0.788 0.916
0.790 0.918
0.792 0.921
0.794 0.924
0.796 0.927
0.798 0.929
0.800 0.932
0.802 0.935
0.804 0.938
0.806 0.941
0.808 0.943
0.810 0.946
0.812 0.949
0.814 0.951
0.816 0.954
0.818 0.956
0.820 0.959
0.822 0.961
0.824 0.964
0.826 0.966
0.828 0.968
0.830 0.970
0.832 0.972
0.834 0.974
0.836 0.976
0.838 0.977
0.840 0.979
0.842 0.981
0.844 0.982
0.846 0.984
0.848 0.986
0.850 0.988
0.852 0.989
0.854 0.992
0.856 0.994
0.858 0.995
0.860 0.997
0.862 0.999
0.864 1.000
0.866 1.000
0.868 1.000
0.870 0.999
0.872 0.998
0.874 0.995
0.876 0.992
0.878 0.988
0.880 0.983
0.882 0.977
0.884 0.971
0.886 0.963
0.888 0.955
0.890 0.946
0.892 0.936
0.894 0.925
0.896 0.913
0.898 0.901
0.900 0.887
0.902 0.873
0.904 0.857
0.906 0.841
0.908 0.824
0.910 0.805
0.912 0.786
0.914 0.766
0.916 0.745
0.918 0.723
0.920 0.700
0.922 0.676
0.924 0.652
0.926 0.626
0.928 0.600
0.930 0.574
0.932 0.546
0.934 0.518
0.936 0.490
0.938 0.462
0.940 0.433
0.942 0.405
0.944 0.377
0.946 0.350
0.948 0.324
0.950 0.298
0.952 0.274
0.954 0.251
0.956 0.230
0.958 0.209
0.960 0.190
0.962 0.172
0.964 0.155
0.966 0.139
0.968 0.123
0.970 0.109
0.972 0.095
0.974 0.082
0.976 0.070
0.978 0.059
0.980 0.048
0.982 0.039
0.984 0.030
0.986 0.022
0.988 0.016
0.990 0.010
0.992 0.006
0.994 0.003
0.996 0.001
0.998 0.000
