0.000 0.000
0.002 0.001
0.004 0.002
0.006 0.004
0.008 0.006
0.010 0.009
0.012 0.013
0.014 0.018
0.016 0.023
0.018 0.028
0.020 0.033
0.022 0.038
0.024 0.044
0.026 0.049
0.028 0.055
0.030 0.060
0.032 0.065
0.034 0.070
0.036 0.075
0.038 0.080
0.040 0.085
0.042 0.090
0.044 0.095
0.046 0.100
0.048 0.105
0.050 0.111
0.052 0.116
0.054 0.122
0.056 0.128
0.058 0.133
0.060 0.139
0.062 0.145
0.064 0.151
0.066 0.157
0.068 0.163
0.070 0.169
0.072 0.175
0.074 0.181
0.076 0.187
0.078 0.193
0.080 0.199
0.082 0.205
0.084 0.211
0.086 0.217
0.088 0.223
0.090 0.229
0.092 0.235
0.094 0.240
0.096 0.246
0.098 0.252
0.100 0.258
0.102 0.263
0.104 0.269
0.106 0.275
0.108 0.280
0.110 0.285
0.112 0.291
0.114 0.296
0.116 0.301
0.118 0.306
0.120 0.311
0.122 0.316
0.124 0.321
0.126 0.326
0.128 0.331
0.130 0.336
0.132 0.341
0.134 0.345
0.136 0.350
0.138 0.355
0.140 0.359
0.142 0.364
0.144 0.368
0.146 0.373
0.148 0.377
0.150 0.381
0.152 0.385
0.154 0.390
0.156 0.394
0.158 0.398
0.160 0.402
0.162 0.406
0.164 0.410
0.166 0.414
0.168 0.418
0.170 0.422
0.172 0.426
0.174 0.431
0.176 0.435
0.178 0.439
0.180 0.443
0.182 0.447
0.184 0.451
0.186 0.455
0.188 0.459
0.190 0.463
0.192 0.467
0.194 0.471
0.196 0.475
0.198 0.479
0.200 0.483
0.202 0.487
0.204 0.491
0.206 0.495
0.208 0.499
0.210 0.503
0.212 0.507
0.214 0.510
0.216 0.514
0.218 0.518
0.220 0.522
0.222 0.526
0.224 0.530
0.226 0.534
0.228 0.538
0.230 0.541
0.232 0.545
0.234 0.549
0.236 0.553
0.238 0.556
0.240 0.560
0.242 0.564
0.244 0.567
0.246 0.571
0.248 0.574
0.250 0.578
0.252 0.582
0.254 0.585
0.256 0.588
0.258 0.592
0.260 0.595
0.262 0.599
0.264 0.602
0.266 0.605
0.268 0.608
0.270 0.612
0.272 0.615
0.274 0.618
0.276 0.621
0.278 0.624
0.280 0.627
0.282 0.631
0.284 0.634
0.286 0.637
0.288 0.640
0.290 0.643
0.292 0.645
0.294 0.648
0.296 0.651
0.298 0.654
0.300 0.657
0.302 0.660
0.304 0.663
0.306 0.666
0.308 0.668
0.310 0.671
0.312 0.674
0.314 0.677
0.316 0.680
0.318 0.683
0.320 0.685
0.322 0.688
0.324 0.691
0.326 0.694
0.328 0.697
0.330 0.699
0.332 0.702
0.334 0.705
0.336 0.708
0.338 0.711
0.340 0.713
0.342 0.716
0.344 0.719
0.346 0.722
0.348 0.724
0.350 0.727
0.352 0.730
0.354 0.733
0.356 0.735
0.358 0.738
0.360 0.741
0.362 0.743
0.364 0.746
0.366 0.749
0.368 0.752
0.370 0.754
0.372 0.757
0.374 0.760
0.376 0.762
0.378 0.765
0.380 0.768
0.382 0.771
0.384 0.773
0.386 0.776
0.388 0.779
0.390 0.782
0.392 0.784
0.394 0.787
0.396 0.790
0.398 0.793
0.400 0.795
0.402 0.798
0.404 0.801
0.406 0.804
0.408 0.807
0.410 0.809
0.412 0.812
0.414 0.815
0.416 0.818
0.418 0.821
0.420 0.823
0.422 0.826
0.424 0.829
0.426 0.832
0.428 0.835
0.430 0.838
0.432 0.840
0.434 0.843
0.436 0.846
0.438 0.849
0.440 0.852
0.442 0.855
0.444 0.857
0.446 0.860
0.448 0.863
0.450 0.865
0.452 0.868
0.454 0.870
0.456 0.872
0.458 0.875
0.460 0.877
0.462 0.879
0.464 0.881
0.466 0.883
0.468 0.885
0.470 0.887
0.472 0.889
0.474 0.891
0.476 0.893
0.478 0.895
0.480 0.896
0.482 0.898
0.484 0.900
0.486 0.901
0.488 0.903
0.490 0.904
0.492 0.905
0.494 0.907
0.496 0.908
0.498 0.909
0.500 0.910
0.502 0.911
0.504 0.912
0.506 0.913
0.508 0.914
0.510 0.915
0.512 0.916
0.514 0.917
0.516 0.917
0.518 0.918
0.520 0.919
0.522 0.919
0.524 0.920
0.526 0.921
0.528 0.922
0.530 0.922
0.532 0.923
0.534 0.923
0.536 0.924
0.538 0.925
0.540 0.925
0.542 0.926
0.544 0.927
0.546 0.927
0.548 0.928
0.550 0.928
0.552 0.929
0.554 0.929
0.556 0.930
0.558 0.930
0.560 0.931
0.562 0.931
0.564 0.932
0.566 0.932
0.568 0.932
0.570 0.933
0.572 0.933
0.574 0.934
0.576 0.934
0.578 0.934
0.580 0.935
0.582 0.935
0.584 0.935
0.586 0.936
0.588 0.936
0.590 0.936
0.592 0.936
0.594 0.937
0.596 0.937
0.598 0.937
0.600 0.937
0.602 0.938
0.604 0.938
0.606 0.938
0.608 0.938
0.610 0.938
0.612 0.939
0.614 0.939
0.616 0.939
0.618 0.939
0.620 0.939
0.622 0.939
0.624 0.939
0.626 0.940
0.628 0.940
0.630 0.940
0.632 0.940
0.634 0.940
0.636 0.940
0.638 0.940
0.640 0.940
0.642 0.940
0.644 0.940
0.646 0.940
0.648 0.940
0.650 0.940
0.652 0.940
0.654 0.940
0.656 0.940
0.658 0.940
0.660 0.940
0.662 0.939
0.664 0.939
0.666 0.939
0.668 0.939
0.670 0.939
0.672 0.938
0.674 0.938
0.676 0.938
0.678 0.937
0.680 0.937
0.682 0.936
0.684 0.936
0.686 0.936
0.688 0.935
0.690 0.935
0.692 0.934
0.694 0.934
0.696 0.933
0.698 0.932
0.700 0.932
0.702 0.931
0.704 0.930
0.706 0.930
0.708 0.929
0.710 0.928
0.712 0.927
0.714 0.926
0.716 0.926
0.718 0.925
0.720 0.924
0.722 0.923
0.724 0.922
0.726 0.921
0.728 0.920
0.730 0.920
0.732 0.919
0.734 0.918
0.736 0.918
0.738 0.918
0.740 0.917
0.742 0.917
0.744 0.917
0.746 0.917
0.748 0.917
0.750 0.917
0.752 0.918
0.754 0.918
0.756 0.918
0.758 0.919
0.760 0.919
0.762 0.920
0.764 0.921
0.766 0.922
0.768 0.923
0.770 0.924
0.772 0.925
0.774 0.927
0.776 0.928
0.778 0.930
0.780 0.931
0.782 0.933
0.784 0.935
0.786 0.937
0.788 0.938
0.790 0.940
0.792 0.942
0.794 0.944
0.796 0.947
0.798 0.949
0.800 0.951
0.802 0.953
0.804 0.955
0.806 0.957
0.808 0.959
0.810 0.962
0.812 0.964
0.814 0.966
0.816 0.968
0.818 0.970
0.820 0.971
0.822 0.973
0.824 0.975
0.826 0.977
0.828 0.978
0.830 0.980
0.832 0.981
0.834 0.982
0.836 0.983
0.838 0.984
0.840 0.986
0.842 0.987
0.844 0.988
0.846 0.989
0.848 0.990
0.850 0.991
0.852 0.993
0.854 0.994
0.856 0.996
0.858 0.997
0.860 0.998
0.862 0.999
0.864 1.000
0.866 1.000
0.868 1.000
0.870 0.999
0.872 0.997
0.874 0.995
0.876 0.992
0.878 0.988
0.880 0.984
0.882 0.979
0.884 0.972
0.886 0.965
0.888 0.958
0.890 0.949
0.892 0.939
0.894 0.929
0.896 0.917
0.898 0.905
0.900 0.892
0.902 0.878
0.904 0.862
0.906 0.847
0.908 0.830
0.910 0.812
0.912 0.793
0.914 0.774
0.916 0.753
0.918 0.732
0.920 0.710
0.922 0.687
0.924 0.663
0.926 0.638
0.928 0.613
0.930 0.587
0.932 0.560
0.934 0.532
0.936 0.504
0.938 0.475
0.940 0.446
0.942 0.418
0.944 0.389
0.946 0.361
0.948 0.334
0.950 0.308
0.952 0.283
0.954 0.260
0.956 0.238
0.958 0.217
0.960 0.197
0.962 0.178
0.964 0.160
0.966 0.143
0.968 0.128
0.970 0.113
0.972 0.098
0.974 0.085
0.976 0.073
0.978 0.061
0.980 0.050
0.982 0.040
0.984 0.031
0.986 0.023
0.988 0.016
0.990 0.011
0.992 0.006
0.994 0.003
0.996 0.001
0.998 0.000
